543
6
7138600
10046200
0 1 1 5 0 3  (D 0,1,1) (S 1,1,15) (D 0,1,1)
0 1 2 27 100 7  (D 0,1,1) (S 3,1,19) (S 7,3,8) (S 10,10,4) (S 9,4,10) (S 4,1,27) (D 0,1,1)
0 1 3 27 106 7  (D 0,1,1) (S 13,7,11) (S 21,11,10) (S 22,10,11) (S 20,11,10) (S 19,10,11) (D 0,1,1)
0 1 4 27 104 7  (D 0,1,1) (S 45,22,23) (S 47,23,24) (S 48,23,26) (S 50,26,27) (S 43,22,21) (D 0,1,1)
0 1 5 27 93 9  (D 0,1,1) (S 25,13,12) (S 23,12,13) (S 37,18,21) (S 42,21,25) (S 30,14,13) (S 29,13,15) (S 24,13,12) (D 0,1,1)
0 1 6 27 140 11  (D 0,1,1) (S 36,16,17) (S 34,1,15) (S 39,20,21) (S 40,21,22) (S 41,22,21) (S 44,21,22) (S 46,22,25) (S 49,25,26) (S 26,12,13) (D 0,1,1)
