14566
10
0
0
0 1 1 263 1300 9
(D 0,1,1) (S 1,1,2) (S 98,69,58) (S 76,58,57) (S 49,42,57) (S 74,57,42) (S 75,57,58) (S 48,41,35) (D 0,1,1)
0 1 2 281 1516 23
(D 0,1,1) (S 2,2,1) (S 5,3,2) (S 82,59,58) (S 77,58,59) (S 59,47,48) (S 61,48,47) (S 60,47,49) (S 63,49,50) (S 65,50,49) (S 64,49,51) (S 68,51,49) (S 62,49,47) (S 101,75,23) (S 32,21,22) (S 35,22,75) (S 100,75,22) (S 34,22,21) (S 33,21,51) (S 70,52,54) (S 71,54,52) (S 69,52,50) (D 0,1,1)
0 1 3 302 1656 11
(D 0,1,1) (S 4,2,4) (S 79,58,69) (S 46,35,32) (S 42,32,34) (S 45,34,32) (S 41,32,33) (S 44,33,32) (S 47,35,41) (S 72,55,56) (D 0,1,1)
0 1 4 305 1164 9
(D 0,1,1) (S 7,4,5) (S 9,5,4) (S 8,4,69) (S 52,44,45) (S 97,69,4) (S 6,4,2) (S 3,2,3) (D 0,1,1)
0 1 5 293 1462 15
(D 0,1,1) (S 10,9,10) (S 11,10,9) (S 15,12,16) (S 16,13,14) (S 19,15,17) (S 23,17,15) (S 20,15,18) (S 24,18,15) (S 18,14,13) (S 17,13,16) (S 21,16,12) (S 14,12,11) (S 102,76,20) (D 0,1,1)
0 1 6 301 1614 9
(D 0,1,1) (S 36,23,31) (S 39,31,32) (S 43,32,35) (S 40,32,31) (S 38,31,23) (S 37,23,75) (S 67,51,21) (D 0,1,1)
0 1 7 304 1490 9
(D 0,1,1) (S 51,44,43) (S 50,43,44) (S 26,19,18) (S 25,18,19) (S 27,19,20) (S 29,20,19) (S 66,50,52) (D 0,1,1)
0 1 8 288 1488 14
(D 0,1,1) (S 81,59,44) (S 54,44,59) (S 53,44,46) (S 57,46,47) (S 58,47,46) (S 56,46,44) (S 55,45,44) (S 83,59,69) (S 78,58,60) (S 85,60,61) (S 87,61,60) (S 73,56,55) (D 0,1,1)
0 1 9 303 1318 13
(D 0,1,1) (S 86,60,62) (S 90,62,66) (S 95,66,68) (S 96,68,66) (S 94,66,62) (S 89,62,63) (S 92,63,65) (S 93,65,63) (S 91,63,62) (S 88,62,60) (S 84,60,58) (D 0,1,1)
0 1 10 296 1558 10
(D 0,1,1) (S 99,69,59) (S 80,59,11) (S 12,11,12) (S 22,16,13) (S 13,11,59) (S 28,19,21) (S 31,21,19) (S 30,20,76) (D 0,1,1)
