46888
7
2258047600
36347058500
0 1 1 3160 4524 22  (D 0,1,1) (S 18,8,25) (S 308,373,372) (S 152,307,306) (S 154,306,307) (S 153,307,306) (S 151,306,307) (S 287,362,363) (S 288,363,362) (S 10,305,11) (S 118,337,229) (S 230,229,337) (S 229,337,229) (S 117,229,337) (S 290,362,363) (S 289,363,362) (S 149,305,11) (S 9,11,305) (S 278,358,357) (S 26,7,36) (S 25,36,7) (D 0,1,1)
0 1 2 3072 6037 27  (D 0,1,1) (S 20,311,25) (S 162,25,311) (S 212,311,329) (S 210,329,328) (S 214,328,329) (S 213,329,328) (S 209,328,329) (S 211,329,311) (S 259,349,350) (S 260,350,349) (S 275,356,346) (S 253,346,356) (S 185,319,318) (S 186,318,319) (S 57,76,355) (S 8,323,9) (S 200,9,323) (S 298,366,367) (S 297,367,366) (S 274,76,355) (S 199,323,9) (S 205,326,41) (S 13,21,41) (S 29,41,21) (S 31,41,326) (D 0,1,1)
0 1 3 3427 6674 28  (D 0,1,1) (S 4,25,8) (S 218,317,331) (S 217,331,317) (S 181,317,331) (S 182,331,317) (S 180,28,317) (S 179,317,28) (S 21,28,317) (S 177,317,9) (S 178,9,317) (S 22,317,28) (S 14,41,21) (S 30,21,41) (S 32,326,41) (S 5,9,317) (S 6,317,9) (S 7,9,323) (S 295,366,367) (S 296,367,366) (S 273,355,76) (S 17,25,8) (S 226,336,335) (S 228,335,336) (S 227,336,335) (S 225,335,336) (S 206,41,326) (D 0,1,1)
0 1 4 3533 5673 29  (D 0,1,1) (S 3,8,25) (S 307,372,373) (S 173,315,314) (S 174,314,315) (S 304,371,370) (S 306,370,371) (S 305,371,370) (S 303,370,371) (S 302,63,369) (S 301,369,63) (S 50,369,63) (S 49,63,369) (S 220,333,332) (S 222,332,333) (S 221,333,332) (S 219,332,333) (S 246,342,343) (S 245,343,342) (S 244,343,342) (S 243,342,343) (S 150,11,305) (S 16,316,22) (S 176,22,316) (S 175,316,22) (S 15,22,316) (S 266,351,352) (S 264,352,351) (D 0,1,1)
0 1 5 3462 6387 40  (D 0,1,1) (S 19,25,311) (S 163,311,329) (S 164,329,311) (S 262,349,350) (S 261,350,349) (S 276,346,356) (S 188,360,319) (S 284,319,360) (S 283,360,319) (S 187,319,360) (S 254,356,346) (S 251,346,75) (S 252,75,346) (S 56,346,75) (S 126,75,234) (S 43,56,334) (S 223,334,56) (S 224,56,334) (S 250,74,345) (S 249,345,74) (S 51,74,345) (S 52,345,74) (S 54,234,75) (S 53,75,234) (S 44,334,56) (S 60,234,97) (S 128,97,234) (S 127,234,97) (S 208,97,327) (S 207,327,97) (S 61,97,327) (S 62,327,97) (S 59,97,234) (S 125,234,75) (S 55,75,346) (S 184,319,318) (S 183,318,319) (S 58,355,76) (D 0,1,1)
0 1 6 2670 8115 44  (D 0,1,1) (S 74,170,143) (S 93,176,175) (S 479,443,175) (S 94,175,176) (S 480,175,443) (S 75,143,401) (S 76,401,143) (S 82,143,170) (S 444,179,427) (S 98,427,179) (S 81,170,143) (S 382,143,401) (S 381,401,143) (S 90,176,175) (S 144,277,296) (S 89,175,176) (S 143,296,277) (S 133,277,296) (S 71,140,296) (S 72,296,140) (S 142,140,296) (S 141,296,140) (S 134,296,277) (S 92,443,175) (S 91,175,443) (S 73,143,170) (S 443,427,179) (S 97,179,427) (S 462,434,435) (S 461,435,434) (S 460,435,434) (S 459,434,435) (S 412,413,414) (S 472,438,439) (S 80,402,165) (S 79,165,402) (S 387,403,149) (S 77,149,403) (S 394,409,405) (S 84,411,171) (S 330,384,383) (S 96,423,178) (D 0,1,1)
0 1 7 3717 9478 71  (D 0,1,1) (S 258,347,348) (S 257,348,347) (S 256,348,347) (S 255,347,348) (S 161,311,25) (S 166,313,312) (S 165,312,313) (S 309,373,372) (S 234,338,339) (S 233,339,338) (S 232,339,338) (S 231,338,339) (S 192,321,320) (S 116,320,204) (S 115,204,320) (S 193,321,320) (S 124,33,233) (S 123,233,33) (S 191,320,321) (S 23,33,233) (S 113,204,303) (S 114,303,204) (S 148,231,304) (S 147,304,231) (S 286,231,361) (S 122,361,231) (S 119,231,304) (S 120,304,231) (S 285,361,231) (S 121,231,361) (S 24,233,33) (S 189,320,204) (S 146,204,303) (S 145,303,204) (S 190,204,320) (S 194,320,321) (S 42,43,55) (S 41,55,43) (S 34,55,43) (S 33,43,55) (S 36,344,45) (S 248,45,344) (S 247,344,45) (S 35,45,344) (S 160,309,310) (S 159,310,309) (S 158,310,309) (S 157,309,310) (S 172,315,314) (S 171,314,315) (S 236,50,340) (S 48,340,61) (S 238,61,340) (S 242,340,341) (S 241,341,340) (S 240,341,340) (S 239,340,341) (S 237,340,61) (S 47,61,340) (S 235,340,50) (S 39,50,340) (S 40,340,50) (S 170,58,314) (S 169,314,58) (S 46,314,58) (S 45,58,314) (S 167,313,312) (S 168,312,313) (S 310,372,373) (D 0,1,1)
