1598
4
0
0
0 1 1 235 416 41
(D 0,1,1) (S 1,1,5) (S 30,12,11) (S 27,11,10) (S 25,10,17) (S 41,17,30) (S 42,30,17) (S 26,17,10) (S 4,1,16) (S 36,15,16) (S 37,15,23) (S 77,28,29) (S 71,29,28) (S 68,27,35) (S 107,38,37) (S 103,37,38) (S 108,38,46) (S 129,46,45) (S 136,50,49) (S 134,45,50) (S 133,50,45) (S 126,45,50) (S 127,50,45) (S 125,45,48) (S 132,48,45) (S 124,45,46) (S 135,50,46) (S 128,46,38) (S 101,36,44) (S 102,44,36) (S 73,36,28) (S 67,27,26) (S 52,21,20) (S 64,21,26) (S 63,26,21) (S 56,22,28) (S 98,28,36) (S 99,36,35) (S 100,35,36) (S 106,38,36) (D 0,1,1)
0 1 2 190 324 29
(D 0,1,1) (S 31,12,19) (S 48,19,32) (S 49,32,19) (S 45,19,18) (S 44,18,19) (S 82,19,32) (S 81,32,19) (S 46,19,18) (S 47,18,19) (S 79,17,30) (S 78,30,17) (S 38,16,15) (S 35,15,1) (S 2,1,9) (S 21,9,13) (S 50,20,21) (S 53,21,26) (S 88,26,34) (S 92,35,27) (S 70,28,29) (S 60,29,24) (S 58,24,17) (S 39,17,10) (S 23,10,11) (S 24,11,10) (S 28,10,11) (S 29,11,12) (D 0,1,1)
0 1 3 212 382 31
(D 0,1,1) (S 40,10,17) (S 43,17,31) (S 83,32,31) (S 110,39,38) (S 105,38,30) (S 74,29,24) (S 59,24,29) (S 76,29,28) (S 69,28,27) (S 72,28,36) (S 97,36,28) (S 65,26,34) (S 115,34,42) (S 114,42,34) (S 90,34,42) (S 91,42,34) (S 89,34,35) (S 118,35,43) (S 120,43,48) (S 121,48,43) (S 96,43,35) (S 66,34,26) (S 54,26,21) (S 51,20,25) (S 20,8,9) (S 18,9,1) (S 3,1,10) (S 22,10,5) (S 5,2,3) (D 0,1,1)
0 1 4 231 476 43
(D 0,1,1) (S 111,39,47) (S 112,40,47) (S 109,39,30) (S 80,30,29) (S 34,14,22) (S 55,22,23) (S 57,23,29) (S 75,24,29) (S 104,37,44) (S 131,43,48) (S 130,48,43) (S 117,43,35) (S 87,34,26) (S 61,25,33) (S 62,33,25) (S 84,33,25) (S 85,25,33) (S 86,33,41) (S 113,41,42) (S 93,35,36) (S 123,36,44) (S 122,44,36) (S 94,36,35) (S 95,35,43) (S 119,43,42) (S 116,42,41) (S 33,14,9) (S 19,9,8) (S 15,8,9) (S 16,9,8) (S 17,8,13) (S 32,13,21) (S 12,5,6) (S 13,6,5) (S 14,6,7) (S 9,4,3) (S 8,3,2) (S 6,2,5) (S 7,5,2) (S 11,2,5) (S 10,5,2) (D 0,1,1)
