2081
6
240142500
298799700
0 1 1 179 348 30  (D 0,1,1) (S 1,1,2) (S 6,2,3) (S 54,9,16) (S 62,16,17) (S 63,17,25) (S 64,25,17) (S 57,17,16) (S 37,16,9) (S 28,9,8) (S 27,8,9) (S 34,9,10) (S 39,10,9) (S 11,4,10) (S 38,10,4) (S 36,9,16) (S 58,16,24) (S 78,24,16) (S 56,16,17) (S 61,17,16) (S 53,16,9) (S 31,9,3) (S 9,3,9) (S 32,9,8) (S 29,8,14) (S 30,14,8) (S 23,8,7) (S 19,7,2) (S 7,2,7) (D 0,1,1)
0 1 2 190 376 37  (D 0,1,1) (S 18,6,13) (S 45,12,20) (S 46,20,12) (S 42,11,19) (S 67,18,29) (S 97,29,39) (S 165,47,48) (S 161,48,47) (S 158,47,46) (S 155,46,47) (S 156,47,46) (S 159,46,47) (S 157,47,40) (S 135,40,47) (S 164,48,47) (S 160,47,48) (S 140,48,41) (S 139,41,48) (S 162,48,41) (S 163,41,48) (S 168,49,50) (S 150,50,44) (S 147,44,49) (S 148,49,44) (S 149,44,50) (S 169,50,44) (S 167,44,49) (S 166,49,44) (S 170,44,50) (S 171,50,45) (S 146,45,43) (S 144,43,42) (S 141,42,43) (S 143,43,37) (S 129,37,43) (D 0,1,1)
0 1 3 156 316 32  (D 0,1,1) (S 24,7,13) (S 47,13,12) (S 81,24,25) (S 85,25,28) (S 86,28,25) (S 92,28,25) (S 93,25,28) (S 94,28,32) (S 82,24,32) (S 128,32,37) (S 104,32,37) (S 145,43,45) (S 151,45,43) (S 152,43,45) (S 126,36,42) (S 142,42,44) (S 125,36,37) (S 127,37,32) (S 103,32,28) (S 95,28,38) (S 130,38,37) (S 105,37,32) (S 102,32,24) (S 59,24,16) (S 55,16,15) (S 51,15,14) (S 22,7,8) (S 33,8,9) (S 35,9,15) (S 52,15,23) (D 0,1,1)
0 1 4 155 331 29  (D 0,1,1) (S 26,7,8) (S 50,14,22) (S 75,22,31) (S 99,31,23) (S 117,34,40) (S 154,33,46) (S 153,46,33) (S 107,33,34) (S 114,34,26) (S 87,26,18) (S 66,18,26) (S 89,26,34) (S 115,34,30) (S 98,30,27) (S 72,21,13) (S 43,12,6) (S 21,6,7) (S 16,7,6) (S 15,6,7) (S 14,6,5) (S 13,5,18) (S 65,18,5) (S 12,5,11) (S 41,11,12) (S 70,12,20) (S 69,20,12) (S 44,12,11) (D 0,1,1)
0 1 5 186 348 34  (D 0,1,1) (S 49,8,14) (S 48,14,8) (S 25,8,7) (S 20,7,6) (S 17,6,12) (S 71,20,19) (S 116,34,33) (S 134,33,40) (S 122,41,35) (S 121,35,41) (S 136,41,35) (S 124,35,36) (S 123,36,35) (S 119,35,36) (S 120,36,35) (S 118,35,27) (S 90,27,30) (S 137,35,41) (S 138,41,40) (S 133,40,33) (S 132,33,39) (S 131,39,33) (S 108,33,39) (S 109,39,33) (S 110,33,40) (S 111,40,33) (S 112,33,46) (S 113,46,33) (S 106,33,29) (S 96,29,26) (S 88,26,19) (S 68,19,18) (D 0,1,1)
0 1 6 161 362 21  (D 0,1,1) (S 84,17,25) (S 83,25,17) (S 60,17,10) (S 10,4,3) (S 8,3,2) (S 4,2,1) (S 5,1,2) (S 2,2,1) (S 3,1,5) (S 40,11,5) (S 79,16,24) (S 80,24,23) (S 76,23,31) (S 101,31,27) (S 91,27,31) (S 77,31,23) (S 100,23,31) (S 73,21,22) (S 74,22,23) (D 0,1,1)
