13731
6
2830200
6053300
0 1 1 1051 1546 7  (D 0,1,1) (S 1,2,1) (S 9,6,2) (S 3,3,4) (S 5,4,3) (S 4,3,8) (D 0,1,1)
0 1 2 1606 2643 10  (D 0,1,1) (S 6,4,5) (S 7,5,4) (S 8,5,10) (S 16,10,9) (S 14,9,8) (S 12,8,7) (S 10,7,2) (S 2,2,6) (D 0,1,1)
0 1 3 1200 2253 8  (D 0,1,1) (S 11,7,12) (S 18,12,7) (S 13,8,13) (S 21,13,14) (S 24,14,13) (S 20,13,12) (D 0,1,1)
0 1 4 1213 2134 7  (D 0,1,1) (S 22,13,16) (S 28,16,15) (S 25,15,12) (S 19,12,11) (S 17,11,12) (D 0,1,1)
0 1 5 1696 2907 9  (D 0,1,1) (S 31,18,11) (S 27,15,19) (S 35,19,20) (S 37,21,20) (S 36,20,19) (S 33,19,15) (S 26,15,16) (D 0,1,1)
0 1 6 1145 2248 8  (D 0,1,1) (S 32,18,19) (S 34,19,18) (S 29,16,17) (S 30,17,14) (S 23,14,10) (S 15,10,5) (D 0,1,1)
