1493
6
0
0
0 1 1 174 304 29
(D 0,1,1) (S 13,2,36) (S 89,30,31) (S 114,31,37) (S 91,37,31) (S 90,31,37) (S 18,37,3) (S 15,3,4) (S 119,38,39) (S 121,39,38) (S 117,38,31) (S 93,32,39) (S 120,39,38) (S 116,38,4) (S 122,38,39) (S 21,5,4) (S 16,4,3) (S 17,3,37) (S 113,37,31) (S 92,31,38) (S 118,38,37) (S 111,37,3) (S 20,3,4) (S 19,4,3) (S 112,3,37) (S 115,37,36) (S 14,36,2) (S 2,2,1) (D 0,1,1)
0 1 2 102 183 17
(D 0,1,1) (S 34,1,10) (S 31,10,9) (S 32,9,15) (S 49,15,14) (S 47,14,15) (S 48,15,14) (S 50,14,15) (S 30,9,10) (S 33,10,1) (S 4,1,8) (S 29,8,9) (S 51,16,10) (S 35,10,9) (S 36,9,10) (S 12,1,2) (D 0,1,1)
0 1 3 113 205 13
(D 0,1,1) (S 100,33,34) (S 107,34,35) (S 104,35,28) (S 87,28,35) (S 88,35,28) (S 105,28,35) (S 102,35,34) (S 98,34,26) (S 86,27,26) (S 95,26,33) (S 11,2,1) (D 0,1,1)
0 1 4 200 327 31
(D 0,1,1) (S 109,2,36) (S 108,36,2) (S 9,1,40) (S 10,40,1) (S 5,1,10) (S 6,10,1) (S 3,1,6) (S 26,6,7) (S 25,7,6) (S 22,6,7) (S 23,7,6) (S 24,6,12) (S 68,20,21) (S 77,22,25) (S 82,25,24) (S 80,24,25) (S 81,25,22) (S 75,22,21) (S 76,21,22) (S 73,22,18) (S 56,18,17) (S 52,17,12) (S 39,12,13) (S 45,13,18) (S 61,18,22) (S 62,22,18) (S 46,18,13) (S 42,13,7) (S 43,7,13) (D 0,1,1)
0 1 5 112 176 15
(D 0,1,1) (S 110,36,35) (S 106,35,34) (S 99,34,33) (S 94,33,26) (S 83,26,33) (S 84,33,26) (S 85,26,34) (S 97,34,33) (S 96,33,34) (S 101,34,35) (S 103,35,1) (S 8,1,35) (S 1,1,2) (D 0,1,1)
0 1 6 181 298 31
(D 0,1,1) (S 124,1,40) (S 123,40,1) (S 7,1,11) (S 37,11,12) (S 40,12,17) (S 55,17,18) (S 57,18,13) (S 44,13,12) (S 53,12,17) (S 60,17,18) (S 59,18,17) (S 54,17,13) (S 58,13,18) (S 63,19,13) (S 28,13,7) (S 27,7,13) (S 74,18,22) (S 67,21,20) (S 65,20,21) (S 79,21,24) (S 78,24,21) (S 69,21,22) (S 70,22,21) (S 71,21,24) (S 72,24,21) (S 66,21,20) (S 64,20,17) (S 41,17,12) (S 38,12,6) (D 0,1,1)
