1054
3
0
0
0 1 1 159 307 26
(D 0,1,1) (S 10,8,7) (S 22,13,14) (S 21,14,13) (S 18,13,14) (S 19,14,13) (S 20,13,23) (S 45,23,14) (S 23,14,15) (S 24,15,14) (S 25,14,23) (S 46,23,29) (S 29,16,15) (S 27,15,14) (S 28,14,15) (S 26,15,10) (S 14,10,15) (S 8,5,11) (S 9,6,12) (S 17,12,11) (S 15,11,10) (S 12,10,4) (S 4,4,5) (S 6,5,4) (S 2,2,3) (D 0,1,1)
0 1 2 159 352 30
(D 0,1,1) (S 13,10,11) (S 16,11,17) (S 43,22,21) (S 40,21,27) (S 56,27,32) (S 59,32,36) (S 65,36,32) (S 50,32,27) (S 48,27,20) (S 37,20,19) (S 38,19,20) (S 42,18,22) (S 39,21,20) (S 36,20,19) (S 35,19,20) (S 60,33,37) (S 61,37,33) (S 69,37,33) (S 70,33,37) (S 44,22,28) (S 41,22,18) (S 33,18,22) (S 34,22,18) (S 32,18,17) (S 31,17,20) (S 11,8,9) (S 3,3,2) (S 1,2,1) (D 0,1,1)
0 1 3 169 395 27
(D 0,1,1) (S 30,16,19) (S 58,31,32) (S 55,32,27) (S 49,27,32) (S 57,32,31) (S 52,31,32) (S 53,32,31) (S 54,31,35) (S 64,35,39) (S 76,39,40) (S 68,36,40) (S 77,40,39) (S 67,36,39) (S 66,36,35) (S 63,34,35) (S 75,38,39) (S 74,39,38) (S 72,38,39) (S 73,39,38) (S 71,38,34) (S 62,34,29) (S 51,30,24) (S 47,25,26) (S 5,5,4) (S 7,4,5) (D 0,1,1)
