447
4
0
0
0 1 1 25 53 9
(D 0,1,1) (S 1,1,3) (S 21,9,19) (S 51,19,22) (S 61,22,23) (S 62,23,22) (S 52,22,19) (S 37,15,16) (D 0,1,1)
0 1 2 80 141 21
(D 0,1,1) (S 2,3,9) (S 20,9,10) (S 24,10,11) (S 29,11,10) (S 14,5,6) (S 15,6,7) (S 16,7,6) (S 9,6,5) (S 5,5,4) (S 4,4,5) (S 11,5,11) (S 12,11,5) (S 8,5,6) (S 13,6,5) (S 6,5,4) (S 7,4,5) (S 28,5,11) (S 25,11,10) (S 22,10,5) (D 0,1,1)
0 1 3 62 109 20
(D 0,1,1) (S 60,19,22) (S 65,22,23) (S 63,23,20) (S 53,20,10) (S 26,10,20) (S 30,10,11) (S 31,11,15) (S 68,24,23) (S 64,23,22) (S 59,22,19) (S 38,15,21) (S 39,21,15) (S 40,16,15) (S 55,15,21) (S 56,21,20) (S 50,19,9) (S 18,9,3) (S 19,3,9) (D 0,1,1)
0 1 4 80 144 26
(D 0,1,1) (S 67,21,24) (S 66,24,21) (S 57,21,24) (S 58,24,21) (S 54,21,15) (S 41,16,17) (S 49,17,18) (S 48,18,17) (S 45,17,18) (S 46,18,17) (S 47,18,14) (S 35,14,8) (S 17,8,14) (S 36,14,13) (S 33,13,17) (S 34,17,13) (S 43,13,17) (S 42,17,13) (S 44,17,16) (S 32,12,11) (S 27,11,5) (S 10,5,10) (S 23,10,9) (S 3,9,3) (D 0,1,1)
