1339
4
0
0
0 1 1 160 321 29
(D 0,1,1) (S 1,1,2) (S 4,2,1) (S 5,1,2) (S 2,2,1) (S 3,1,5) (S 9,5,18) (S 36,18,19) (S 40,20,19) (S 41,20,30) (S 109,41,48) (S 111,41,49) (S 112,49,44) (S 113,44,49) (S 101,49,44) (S 100,44,49) (S 92,49,41) (S 89,41,48) (S 108,48,41) (S 91,41,49) (S 110,49,41) (S 90,48,41) (S 94,41,42) (S 93,42,41) (S 87,41,42) (S 88,42,41) (S 86,41,40) (S 85,40,47) (D 0,1,1)
0 1 2 135 302 24
(D 0,1,1) (S 6,2,3) (S 26,13,12) (S 39,12,20) (S 38,20,12) (S 23,12,11) (S 14,6,7) (S 13,7,6) (S 10,6,7) (S 11,7,6) (S 12,6,13) (S 24,12,20) (S 25,20,12) (S 21,11,5) (S 22,11,19) (S 37,18,29) (S 107,33,46) (S 106,46,33) (S 59,33,34) (S 66,34,30) (S 42,21,22) (S 43,22,21) (S 44,22,31) (D 0,1,1)
0 1 3 186 377 37
(D 0,1,1) (S 7,2,7) (S 15,7,8) (S 16,8,7) (S 17,8,7) (S 18,7,8) (S 48,24,32) (S 56,32,28) (S 52,28,38) (S 103,38,45) (S 99,45,43) (S 105,43,45) (S 77,36,37) (S 96,42,44) (S 95,42,43) (S 98,43,45) (S 104,45,43) (S 114,50,45) (S 102,45,38) (S 79,38,45) (S 80,45,38) (S 78,38,37) (S 97,43,37) (S 55,32,24) (S 34,24,16) (S 32,16,15) (S 29,15,9) (S 31,15,16) (S 33,16,24) (S 45,24,16) (S 35,17,10) (S 20,10,4) (S 8,3,9) (S 19,9,15) (S 30,15,14) (S 28,14,15) (D 0,1,1)
0 1 4 181 339 32
(D 0,1,1) (S 27,13,14) (S 46,16,24) (S 47,24,25) (S 57,32,31) (S 54,31,27) (S 72,34,35) (S 76,35,36) (S 75,36,35) (S 70,35,27) (S 51,27,35) (S 71,35,34) (S 68,34,35) (S 73,35,36) (S 74,36,35) (S 69,35,34) (S 67,34,33) (S 84,33,40) (S 83,40,33) (S 82,33,39) (S 81,39,33) (S 60,33,39) (S 61,39,33) (S 62,33,40) (S 63,40,33) (S 64,33,46) (S 65,46,33) (S 58,33,29) (S 53,29,26) (S 49,26,18) (S 50,26,29) (D 0,1,1)
