724
7
6358400
8920400
0 1 1 44 98 6  (D 0,1,1) (S 5,1,20) (S 43,20,1) (S 54,22,23) (S 50,23,22) (D 0,1,1)
0 1 2 44 100 7  (D 0,1,1) (S 6,20,1) (S 44,1,20) (S 45,20,21) (S 1,1,5) (S 7,2,4) (D 0,1,1)
0 1 3 44 130 7  (D 0,1,1) (S 47,23,21) (S 52,21,23) (S 53,23,22) (S 49,22,23) (S 39,16,17) (D 0,1,1)
0 1 4 44 98 8  (D 0,1,1) (S 4,1,19) (S 42,19,9) (S 27,9,19) (S 3,1,9) (S 25,9,3) (S 26,3,9) (D 0,1,1)
0 1 5 44 108 7  (D 0,1,1) (S 35,15,21) (S 46,21,23) (S 51,23,21) (S 55,24,21) (S 48,21,24) (D 0,1,1)
0 1 6 44 88 8  (D 0,1,1) (S 9,5,2) (S 15,10,3) (S 14,3,10) (S 12,3,9) (S 8,2,5) (S 22,5,4) (D 0,1,1)
0 1 7 44 102 8  (D 0,1,1) (S 20,5,2) (S 21,2,5) (S 23,6,7) (S 24,8,14) (S 30,11,1) (S 19,1,5) (D 0,1,1)
