354
6
3721500
4136700
0 1 1 35 52 8  (D 0,1,1) (S 18,3,6) (S 17,3,5) (S 27,5,8) (S 7,8,1) (S 4,1,5) (S 1,1,3) (D 0,1,1)
0 1 2 17 31 5  (D 0,1,1) (S 19,3,7) (S 31,2,7) (S 16,1,3) (D 0,1,1)
0 1 3 41 63 8  (D 0,1,1) (S 20,3,8) (S 12,2,7) (S 14,2,8) (S 5,1,7) (S 35,1,8) (S 2,3,1) (D 0,1,1)
0 1 4 41 66 8  (D 0,1,1) (S 21,4,6) (S 6,1,8) (S 22,4,8) (S 34,8,1) (S 10,5,2) (S 11,2,6) (D 0,1,1)
0 1 5 39 66 9  (D 0,1,1) (S 26,5,7) (S 30,7,2) (S 9,2,5) (S 23,5,2) (S 24,2,5) (S 25,5,6) (S 3,1,4) (D 0,1,1)
0 1 6 41 76 9  (D 0,1,1) (S 32,7,6) (S 33,6,7) (S 29,7,6) (S 28,6,7) (S 13,7,2) (S 8,2,3) (S 15,3,1) (D 0,1,1)
