1778
7
0
0
0 1 1 104 248 24
(D 0,1,1) (S 1,1,5) (S 6,5,1) (S 118,35,36) (S 116,36,27) (S 98,31,32) (S 120,37,38) (S 155,43,50) (S 154,50,43) (S 139,43,38) (S 121,38,28) (S 81,28,32) (S 100,32,28) (S 157,50,45) (S 141,45,43) (S 140,43,45) (S 145,45,43) (S 142,43,50) (S 143,50,43) (S 138,43,37) (S 82,32,28) (S 101,28,32) (S 75,24,25) (D 0,1,1)
0 1 2 119 200 21
(D 0,1,1) (S 7,5,11) (S 50,11,19) (S 77,26,30) (S 91,30,26) (S 93,30,34) (S 113,34,35) (S 114,35,36) (S 115,36,35) (S 110,35,34) (S 107,34,30) (S 89,30,20) (S 54,20,21) (S 55,21,20) (S 56,20,30) (S 57,30,20) (S 53,20,19) (S 23,19,11) (S 22,11,19) (S 52,19,26) (D 0,1,1)
0 1 3 149 299 29
(D 0,1,1) (S 8,5,18) (S 48,18,26) (S 76,26,19) (S 90,20,30) (S 78,30,26) (S 92,26,30) (S 117,36,35) (S 111,35,27) (S 119,36,37) (S 99,31,37) (S 30,13,14) (S 63,14,22) (S 64,22,23) (S 66,23,15) (S 37,15,23) (S 70,23,24) (S 73,24,16) (S 41,16,17) (S 42,17,16) (S 39,16,9) (S 13,8,7) (S 4,2,1) (S 2,1,6) (S 9,6,1) (S 24,12,11) (S 20,11,12) (S 26,12,13) (D 0,1,1)
0 1 4 149 272 27
(D 0,1,1) (S 51,19,20) (S 61,21,22) (S 69,22,23) (S 68,23,22) (S 67,15,23) (S 45,16,17) (S 44,17,16) (S 40,16,15) (S 36,15,16) (S 43,16,24) (S 74,24,23) (S 65,23,22) (S 71,23,31) (S 94,31,23) (S 38,23,15) (S 35,15,9) (S 14,8,9) (S 33,14,22) (S 62,22,14) (S 31,14,13) (S 28,13,6) (S 3,6,1) (S 10,1,6) (S 21,12,11) (S 29,13,12) (D 0,1,1)
0 1 5 150 315 22
(D 0,1,1) (S 95,23,31) (S 96,31,27) (S 97,27,31) (S 80,31,27) (S 79,27,31) (S 72,31,23) (S 34,22,14) (S 19,9,10) (S 17,10,4) (S 16,10,9) (S 15,9,10) (S 18,10,9) (S 46,17,25) (S 83,28,38) (S 122,38,43) (S 146,43,45) (S 147,45,50) (S 156,50,44) (S 144,44,42) (S 137,42,44) (D 0,1,1)
0 1 6 123 243 27
(D 0,1,1) (S 124,29,39) (S 125,39,33) (S 102,33,29) (S 85,29,33) (S 104,33,39) (S 88,39,29) (S 87,29,39) (S 123,39,29) (S 103,29,33) (S 106,33,40) (S 128,40,41) (S 151,41,48) (S 150,48,41) (S 134,41,48) (S 135,48,41) (S 133,41,42) (S 136,42,41) (S 131,41,40) (S 127,40,34) (S 109,34,35) (S 112,35,34) (S 108,34,33) (S 148,46,47) (S 149,47,40) (S 130,40,47) (D 0,1,1)
0 1 7 96 201 21
(D 0,1,1) (S 132,40,41) (S 153,49,44) (S 152,49,41) (S 129,41,40) (S 126,33,39) (S 105,39,33) (S 86,33,29) (S 84,29,18) (S 47,18,19) (S 49,19,11) (S 25,11,12) (S 27,12,20) (S 60,20,21) (S 59,21,20) (S 58,21,13) (S 11,7,2) (S 5,2,7) (S 12,7,8) (S 32,14,15) (D 0,1,1)
