1486
13
0
0
0 1 1 43 90 7
(D 0,1,1) (S 1,1,7) (S 38,9,13) (S 15,4,13) (S 35,13,4) (S 10,3,9) (D 0,1,1)
0 1 2 49 124 11
(D 0,1,1) (S 19,6,31) (S 74,29,30) (S 77,30,1) (S 80,1,31) (S 73,29,28) (S 68,26,28) (S 72,26,27) (S 75,29,31) (S 81,31,5) (D 0,1,1)
0 1 3 50 116 9
(D 0,1,1) (S 21,7,1) (S 4,1,31) (S 20,31,6) (S 17,5,10) (S 48,17,11) (S 29,10,5) (S 5,31,1) (D 0,1,1)
0 1 4 50 132 9
(D 0,1,1) (S 22,1,7) (S 2,7,1) (S 3,1,30) (S 78,30,29) (S 62,24,27) (S 63,27,24) (S 71,27,26) (D 0,1,1)
0 1 5 50 114 8
(D 0,1,1) (S 23,7,8) (S 13,3,4) (S 14,4,9) (S 27,9,13) (S 37,13,9) (S 24,9,3) (D 0,1,1)
0 1 6 48 108 8
(D 0,1,1) (S 26,9,4) (S 12,4,3) (S 8,3,4) (S 9,4,3) (S 7,3,2) (S 6,2,1) (D 0,1,1)
0 1 7 46 109 9
(D 0,1,1) (S 30,10,16) (S 46,16,15) (S 47,15,16) (S 45,16,15) (S 44,15,16) (S 43,15,14) (S 42,14,10) (D 0,1,1)
0 1 8 50 114 8
(D 0,1,1) (S 33,12,13) (S 52,13,19) (S 51,19,13) (S 28,13,9) (S 11,9,3) (S 25,3,9) (D 0,1,1)
0 1 9 42 117 8
(D 0,1,1) (S 34,12,18) (S 58,21,22) (S 53,19,18) (S 49,18,12) (S 32,12,11) (S 31,11,6) (D 0,1,1)
0 1 10 48 120 7
(D 0,1,1) (S 40,13,19) (S 41,19,13) (S 16,13,4) (S 36,4,13) (S 39,13,12) (D 0,1,1)
0 1 11 49 132 7
(D 0,1,1) (S 57,22,21) (S 55,21,22) (S 56,22,21) (S 54,21,18) (S 50,18,21) (D 0,1,1)
0 1 12 50 116 11
(D 0,1,1) (S 69,27,24) (S 65,23,25) (S 64,25,23) (S 59,23,25) (S 60,25,23) (S 61,23,26) (S 66,26,27) (S 70,24,27) (S 67,27,26) (D 0,1,1)
0 1 13 41 94 9
(D 0,1,1) (S 83,6,31) (S 76,31,29) (S 85,29,31) (S 79,31,1) (S 84,31,29) (S 82,31,6) (S 18,6,5) (D 0,1,1)
