772
6
4693800
7578900
0 1 1 40 143 7  (D 0,1,1) (S 13,9,10) (S 14,10,9) (S 36,19,9) (S 12,9,3) (S 42,21,15) (D 0,1,1)
0 1 2 40 143 6  (D 0,1,1) (S 35,17,18) (S 34,18,17) (S 33,18,17) (S 32,17,18) (D 0,1,1)
0 1 3 40 158 8  (D 0,1,1) (S 46,19,22) (S 45,22,19) (S 39,22,19) (S 38,19,22) (S 10,3,4) (S 28,15,21) (D 0,1,1)
0 1 4 38 117 8  (D 0,1,1) (S 27,11,15) (S 26,15,11) (S 22,15,11) (S 21,11,15) (S 20,11,10) (S 18,10,20) (D 0,1,1)
0 1 5 40 68 9  (D 0,1,1) (S 9,4,3) (S 7,3,4) (S 8,4,3) (S 6,3,1) (S 5,1,2) (S 4,2,1) (S 1,1,2) (D 0,1,1)
0 1 6 39 143 9  (D 0,1,1) (S 30,16,15) (S 29,16,12) (S 23,12,6) (S 25,14,13) (S 24,13,17) (S 31,17,13) (S 19,11,5) (D 0,1,1)
