278
6
0
0
0 1 1 18 41 7
(D 0,1,1) (S 1,1,2) (S 11,2,4) (S 28,8,4) (S 29,4,8) (S 13,2,6) (D 0,1,1)
0 1 2 17 44 7
(D 0,1,1) (S 9,2,1) (S 4,1,4) (S 18,4,7) (S 23,7,1) (S 7,1,8) (D 0,1,1)
0 1 3 18 48 6
(D 0,1,1) (S 12,2,5) (S 10,1,2) (S 2,2,1) (S 3,1,3) (D 0,1,1)
0 1 4 19 40 7
(D 0,1,1) (S 14,2,8) (S 20,8,4) (S 19,4,8) (S 26,8,1) (S 27,1,8) (D 0,1,1)
0 1 5 18 50 7
(D 0,1,1) (S 15,3,5) (S 21,5,7) (S 25,7,8) (S 8,8,1) (S 24,1,7) (D 0,1,1)
0 1 6 18 55 7
(D 0,1,1) (S 16,3,6) (S 17,4,6) (S 22,6,7) (S 6,7,1) (S 5,1,7) (D 0,1,1)
