1494
12
0
0
0 1 1 60 112 16
(D 0,1,1) (S 1,1,5) (S 14,9,14) (S 28,14,22) (S 50,22,21) (S 46,21,22) (S 48,22,13) (S 22,13,8) (S 13,8,13) (S 23,13,22) (S 47,22,21) (S 51,21,22) (S 49,22,14) (S 15,14,9) (S 25,9,14) (D 0,1,1)
0 1 2 69 131 10
(D 0,1,1) (S 12,7,12) (S 20,12,19) (S 43,19,12) (S 44,12,19) (S 80,17,31) (S 79,31,17) (S 21,19,12) (S 19,12,11) (D 0,1,1)
0 1 3 42 79 9
(D 0,1,1) (S 30,1,15) (S 31,15,14) (S 26,14,15) (S 29,15,1) (S 3,1,15) (S 27,15,14) (S 24,14,9) (D 0,1,1)
0 1 4 42 96 11
(D 0,1,1) (S 32,14,15) (S 33,15,24) (S 34,24,15) (S 56,15,24) (S 55,24,15) (S 70,28,29) (S 71,29,28) (S 53,28,23) (S 54,23,29) (D 0,1,1)
0 1 5 65 139 13
(D 0,1,1) (S 35,16,15) (S 4,15,1) (S 2,1,10) (S 16,10,17) (S 5,2,3) (S 6,3,4) (S 11,6,7) (S 10,7,6) (S 7,6,7) (S 8,7,6) (S 9,6,11) (D 0,1,1)
0 1 6 65 153 15
(D 0,1,1) (S 36,16,17) (S 37,17,30) (S 99,30,38) (S 98,38,30) (S 76,30,38) (S 77,38,30) (S 78,30,39) (S 122,47,40) (S 83,32,31) (S 82,31,39) (S 102,39,31) (S 103,39,40) (S 81,31,32) (D 0,1,1)
0 1 7 68 119 9
(D 0,1,1) (S 38,17,31) (S 39,31,17) (S 18,18,11) (S 17,11,18) (S 40,18,11) (S 41,11,18) (S 42,18,19) (D 0,1,1)
0 1 8 51 129 13
(D 0,1,1) (S 65,26,27) (S 66,27,35) (S 101,38,37) (S 131,50,49) (S 124,48,49) (S 125,49,45) (S 117,45,50) (S 118,50,45) (S 115,45,44) (S 97,37,38) (S 100,38,36) (D 0,1,1)
0 1 9 51 114 13
(D 0,1,1) (S 73,29,28) (S 61,27,26) (S 60,26,27) (S 64,27,26) (S 62,26,34) (S 88,34,35) (S 91,35,36) (S 92,36,35) (S 93,36,35) (S 94,35,36) (S 95,36,38) (D 0,1,1)
0 1 10 60 131 15
(D 0,1,1) (S 74,28,29) (S 72,29,23) (S 52,23,28) (S 67,28,23) (S 68,23,28) (S 69,28,27) (S 84,33,25) (S 85,33,34) (S 107,34,42) (S 106,42,34) (S 86,34,26) (S 59,26,25) (S 58,25,26) (D 0,1,1)
0 1 11 64 136 15
(D 0,1,1) (S 87,26,34) (S 89,34,42) (S 105,42,41) (S 104,41,42) (S 108,42,41) (S 109,41,42) (S 110,42,43) (S 111,43,42) (S 113,42,43) (S 112,43,42) (S 114,43,44) (S 96,37,29) (S 75,29,37) (D 0,1,1)
0 1 12 70 155 16
(D 0,1,1) (S 130,46,50) (S 129,50,46) (S 119,46,45) (S 128,45,50) (S 121,50,46) (S 120,46,50) (S 127,50,45) (S 116,45,49) (S 126,49,48) (S 123,48,43) (S 90,42,34) (S 63,34,26) (S 45,20,25) (S 57,25,20) (D 0,1,1)
