1284
7
27407100
41339500
0 1 1 57 204 15  (D 0,1,1) (S 1,1,7) (S 16,8,9) (S 22,9,10) (S 23,10,9) (S 5,9,3) (S 63,29,34) (S 75,38,34) (S 67,35,34) (S 69,35,39) (S 76,39,35) (S 66,34,35) (S 77,39,40) (S 18,9,3) (D 0,1,1)
0 1 2 75 239 17  (D 0,1,1) (S 21,8,9) (S 58,25,26) (S 68,35,36) (S 74,37,36) (S 70,36,32) (S 64,32,36) (S 79,36,40) (S 80,40,41) (S 81,41,40) (S 72,40,36) (S 71,36,40) (S 78,40,36) (S 73,37,33) (S 65,33,27) (S 46,17,20) (D 0,1,1)
0 1 3 75 152 13  (D 0,1,1) (S 24,10,9) (S 10,4,5) (S 14,5,6) (S 13,6,5) (S 9,5,4) (S 7,4,5) (S 11,5,6) (S 12,6,5) (S 8,5,4) (S 6,4,3) (S 3,3,2) (D 0,1,1)
0 1 4 73 162 13  (D 0,1,1) (S 25,9,10) (S 26,10,15) (S 43,11,16) (S 42,16,11) (S 28,11,16) (S 29,16,11) (S 27,11,12) (S 31,12,11) (S 30,12,6) (S 17,9,8) (S 15,8,7) (D 0,1,1)
0 1 5 73 170 12  (D 0,1,1) (S 35,14,15) (S 36,15,14) (S 37,14,24) (S 57,23,14) (S 34,14,13) (S 33,13,14) (S 32,13,7) (S 2,2,8) (S 4,3,9) (S 20,9,8) (D 0,1,1)
0 1 6 75 168 14  (D 0,1,1) (S 41,15,16) (S 55,21,22) (S 56,22,28) (S 61,28,22) (S 53,22,21) (S 49,21,20) (S 51,20,21) (S 44,16,15) (S 39,15,14) (S 40,14,15) (S 38,15,10) (S 19,3,9) (D 0,1,1)
0 1 7 73 189 11  (D 0,1,1) (S 48,20,21) (S 52,21,22) (S 54,22,21) (S 50,21,20) (S 62,28,27) (S 60,27,26) (S 59,26,19) (S 47,19,26) (S 45,16,19) (D 0,1,1)
