991
6
14231900
19230700
0 1 1 116 190 18  (D 0,1,1) (S 6,2,3) (S 7,3,2) (S 2,2,1) (S 66,28,25) (S 61,25,28) (S 65,27,29) (S 68,29,27) (S 63,27,24) (S 69,29,28) (S 60,23,24) (S 59,24,23) (S 56,23,24) (S 57,24,23) (S 58,23,26) (S 62,26,23) (S 1,1,2) (D 0,1,1)
0 1 2 33 44 5  (D 0,1,1) (S 9,2,3) (S 8,3,2) (S 4,2,1) (D 0,1,1)
0 1 3 110 185 15  (D 0,1,1) (S 11,4,13) (S 33,13,4) (S 34,4,13) (S 45,12,18) (S 44,18,12) (S 27,11,17) (S 28,17,11) (S 24,11,10) (S 21,10,11) (S 17,6,31) (S 18,31,6) (S 72,6,31) (S 5,1,2) (D 0,1,1)
0 1 4 117 212 15  (D 0,1,1) (S 31,12,18) (S 32,18,12) (S 26,12,11) (S 30,11,12) (S 42,11,17) (S 41,17,11) (S 25,11,12) (S 29,12,11) (S 43,17,16) (S 23,16,10) (S 19,10,5) (S 20,5,10) (S 40,16,17) (D 0,1,1)
0 1 5 116 190 15  (D 0,1,1) (S 35,13,19) (S 53,21,18) (S 55,19,22) (S 54,22,19) (S 49,19,22) (S 50,22,19) (S 52,19,20) (S 51,20,19) (S 47,19,20) (S 48,20,19) (S 46,19,13) (S 12,13,4) (S 10,4,3) (D 0,1,1)
0 1 6 98 170 16  (D 0,1,1) (S 71,31,6) (S 16,6,5) (S 13,5,10) (S 22,10,16) (S 37,16,10) (S 38,10,16) (S 39,16,15) (S 36,14,10) (S 14,10,5) (S 15,5,31) (S 67,28,26) (S 64,27,26) (S 70,29,30) (S 3,1,31) (D 0,1,1)
