1339
8
0
0
0 1 1 39 83 5
(D 0,1,1) (S 1,1,4) (S 8,2,8) (S 14,4,1) (D 0,1,1)
0 1 2 40 95 5
(D 0,1,1) (S 5,1,7) (S 28,7,10) (S 15,1,4) (D 0,1,1)
0 1 3 37 143 8
(D 0,1,1) (S 11,3,7) (S 25,7,6) (S 22,6,9) (S 33,9,10) (S 21,7,6) (S 26,6,7) (D 0,1,1)
0 1 4 40 348 8
(D 0,1,1) (S 12,3,8) (S 31,8,10) (S 32,10,8) (S 13,8,3) (S 9,3,1) (S 4,1,6) (D 0,1,1)
0 1 5 41 78 5
(D 0,1,1) (S 17,4,5) (S 2,4,1) (S 24,1,7) (D 0,1,1)
0 1 6 34 106 6
(D 0,1,1) (S 18,5,6) (S 20,6,7) (S 23,7,1) (S 16,4,2) (D 0,1,1)
0 1 7 41 133 6
(D 0,1,1) (S 19,5,7) (S 6,7,1) (S 3,1,5) (S 7,2,3) (D 0,1,1)
0 1 8 38 353 8
(D 0,1,1) (S 30,3,8) (S 27,7,8) (S 35,8,10) (S 34,10,8) (S 29,8,3) (S 10,3,6) (D 0,1,1)
