8422
6
213324800
268624200
0 1 1 190 1547 9  (D 0,1,1) (S 90,39,35) (S 74,32,31) (S 73,31,32) (S 75,32,33) (S 79,33,36) (S 87,37,38) (S 47,21,51) (D 0,1,1)
0 1 2 190 1518 11  (D 0,1,1) (S 2,2,1) (S 138,60,58) (S 140,60,62) (S 143,62,63) (S 147,63,65) (S 149,65,63) (S 148,64,63) (S 4,2,4) (S 125,54,52) (D 0,1,1)
0 1 3 190 1128 12  (D 0,1,1) (S 19,10,9) (S 20,11,12) (S 22,12,11) (S 23,12,16) (S 32,16,13) (S 25,13,16) (S 31,16,12) (S 44,20,76) (S 12,6,5) (S 11,5,7) (D 0,1,1)
0 1 4 190 1272 13  (D 0,1,1) (S 171,76,77) (S 174,77,76) (S 173,77,15) (S 28,15,17) (S 33,17,15) (S 30,15,77) (S 172,77,13) (S 27,14,13) (S 26,13,77) (S 24,13,14) (S 118,51,53) (D 0,1,1)
0 1 5 190 1565 14  (D 0,1,1) (S 55,24,25) (S 59,25,29) (S 69,29,28) (S 67,28,29) (S 68,29,25) (S 66,28,26) (S 65,27,26) (S 64,26,28) (S 63,26,27) (S 123,53,51) (S 116,51,21) (S 163,73,71) (D 0,1,1)
0 1 6 190 1392 17  (D 0,1,1) (S 105,46,47) (S 121,52,54) (S 107,47,48) (S 109,48,47) (S 111,49,50) (S 114,50,49) (S 112,49,51) (S 117,51,49) (S 120,52,53) (S 106,47,46) (S 122,53,24) (S 56,24,53) (S 124,53,52) (S 115,50,52) (S 127,56,55) (D 0,1,1)
