1602
6
0
0
0 1 1 115 216 21
(D 0,1,1) (S 1,1,2) (S 5,2,1) (S 15,1,6) (S 14,6,1) (S 29,11,12) (S 28,12,11) (S 24,11,12) (S 25,12,11) (S 26,11,19) (S 51,19,11) (S 13,5,18) (S 48,18,19) (S 27,19,11) (S 12,5,6) (S 2,1,5) (S 11,5,1) (S 3,1,6) (S 4,6,1) (S 30,12,13) (D 0,1,1)
0 1 2 107 241 26
(D 0,1,1) (S 7,3,4) (S 10,4,10) (S 47,17,25) (S 61,25,24) (S 103,32,37) (S 102,37,32) (S 80,32,28) (S 129,43,50) (S 128,50,43) (S 116,43,45) (S 121,45,43) (S 122,43,45) (S 123,45,50) (S 130,50,44) (S 120,44,42) (S 114,42,44) (S 127,49,41) (S 109,41,40) (S 87,33,40) (S 108,40,41) (S 112,41,42) (S 113,42,41) (S 110,41,40) (S 107,40,34) (D 0,1,1)
0 1 3 135 261 24
(D 0,1,1) (S 32,13,14) (S 34,14,15) (S 57,15,23) (S 58,23,24) (S 40,16,17) (S 43,17,10) (S 22,10,17) (S 23,17,10) (S 44,10,17) (S 41,17,16) (S 38,16,9) (S 9,9,3) (S 8,3,9) (S 19,9,3) (S 20,3,9) (S 21,9,8) (S 18,8,14) (S 33,14,13) (S 31,13,6) (S 16,6,7) (S 17,7,2) (S 6,2,7) (D 0,1,1)
0 1 4 148 309 24
(D 0,1,1) (S 52,11,19) (S 53,19,20) (S 54,21,22) (S 55,21,27) (S 93,34,40) (S 85,29,33) (S 84,33,29) (S 50,18,29) (S 106,29,39) (S 105,39,29) (S 72,29,39) (S 73,39,29) (S 70,29,33) (S 71,33,29) (S 49,18,26) (S 62,26,19) (S 89,26,34) (S 86,33,34) (S 88,34,26) (S 63,26,34) (S 64,34,26) (S 74,30,34) (D 0,1,1)
0 1 5 150 300 26
(D 0,1,1) (S 75,31,27) (S 99,36,35) (S 94,35,34) (S 91,34,35) (S 96,35,36) (S 97,36,35) (S 92,35,34) (S 90,34,33) (S 124,46,47) (S 125,47,48) (S 126,48,47) (S 111,40,41) (S 95,34,35) (S 100,35,36) (S 98,36,27) (S 65,27,31) (S 66,31,27) (S 76,27,31) (S 67,28,32) (S 81,28,32) (S 82,32,37) (S 101,37,31) (S 37,23,15) (S 35,15,9) (D 0,1,1)
0 1 6 134 275 22
(D 0,1,1) (S 77,31,37) (S 131,50,45) (S 117,45,43) (S 118,43,50) (S 119,50,43) (S 115,43,37) (S 83,37,32) (S 78,32,24) (S 79,24,32) (S 69,28,38) (S 104,38,32) (S 60,32,24) (S 59,24,32) (S 68,32,28) (S 46,16,17) (S 45,17,16) (S 39,16,15) (S 36,15,23) (S 56,23,15) (S 42,16,24) (D 0,1,1)
