1361
7
36848200
49802100
0 1 1 110 207 20  (D 0,1,1) (S 12,2,8) (S 29,8,7) (S 24,6,31) (S 55,17,16) (S 52,16,15) (S 50,14,15) (S 51,15,14) (S 49,14,10) (S 22,10,5) (S 23,5,31) (S 87,28,31) (S 88,31,28) (S 90,29,31) (S 25,31,6) (S 94,31,6) (S 97,28,31) (S 93,31,1) (S 1,1,2) (D 0,1,1)
0 1 2 119 196 15  (D 0,1,1) (S 15,3,4) (S 65,19,20) (S 73,20,22) (S 74,22,21) (S 69,21,19) (S 61,19,20) (S 66,20,22) (S 72,22,20) (S 64,20,19) (S 58,19,13) (S 20,13,4) (S 18,4,3) (S 16,3,9) (D 0,1,1)
0 1 3 120 203 15  (D 0,1,1) (S 27,1,7) (S 21,5,10) (S 37,10,11) (S 54,11,17) (S 53,17,11) (S 39,11,12) (S 40,12,11) (S 41,11,17) (S 42,17,11) (S 38,11,10) (S 35,10,5) (S 36,5,10) (S 95,6,31) (D 0,1,1)
0 1 4 118 163 15  (D 0,1,1) (S 31,9,3) (S 32,3,9) (S 34,9,8) (S 28,8,2) (S 2,2,1) (S 92,1,30) (S 91,30,1) (S 9,1,2) (S 14,2,3) (S 13,3,2) (S 10,2,3) (S 11,3,2) (S 8,2,1) (D 0,1,1)
0 1 5 117 208 14  (D 0,1,1) (S 33,9,4) (S 19,4,13) (S 46,13,4) (S 47,4,13) (S 48,13,12) (S 44,12,11) (S 45,11,12) (S 43,12,8) (S 4,7,1) (S 3,1,7) (S 26,7,1) (S 5,1,30) (D 0,1,1)
0 1 6 120 217 15  (D 0,1,1) (S 70,21,22) (S 67,22,20) (S 62,20,19) (S 57,19,18) (S 56,18,19) (S 59,19,18) (S 60,18,19) (S 63,19,21) (S 75,21,22) (S 71,22,21) (S 68,21,18) (S 30,8,9) (S 17,9,3) (D 0,1,1)
0 1 7 84 167 17  (D 0,1,1) (S 96,31,28) (S 86,28,25) (S 83,27,24) (S 84,27,26) (S 82,26,28) (S 78,25,23) (S 76,23,25) (S 77,25,23) (S 79,23,25) (S 80,25,28) (S 81,26,27) (S 85,27,29) (S 89,29,30) (S 6,30,1) (S 7,1,31) (D 0,1,1)
