2271
6
69469300
108842700
0 1 1 176 349 26  (D 0,1,1) (S 11,2,6) (S 23,6,2) (S 10,2,3) (S 14,3,4) (S 18,4,5) (S 21,5,39) (S 129,39,32) (S 130,39,38) (S 124,38,4) (S 19,4,38) (S 126,38,37) (S 122,37,36) (S 115,36,2) (S 9,2,1) (S 58,16,15) (S 35,9,15) (S 54,15,14) (S 52,14,15) (S 53,15,9) (S 34,9,10) (S 38,10,16) (S 55,15,16) (S 56,16,10) (S 37,10,9) (D 0,1,1)
0 1 2 156 310 18  (D 0,1,1) (S 12,2,36) (S 118,36,37) (S 119,37,3) (S 13,3,2) (S 8,1,40) (S 132,40,8) (S 30,8,9) (S 33,9,8) (S 31,8,14) (S 51,14,8) (S 29,8,1) (S 5,1,11) (S 41,11,16) (S 57,16,11) (S 40,11,12) (S 42,12,6) (D 0,1,1)
0 1 3 194 391 28  (D 0,1,1) (S 24,6,7) (S 26,7,3) (S 16,3,37) (S 121,37,31) (S 101,31,38) (S 125,38,31) (S 100,31,37) (S 96,30,31) (S 99,31,32) (S 102,32,31) (S 98,31,30) (S 95,30,29) (S 93,29,30) (S 97,30,37) (S 120,37,30) (S 123,37,38) (S 127,38,39) (S 103,32,39) (S 128,39,5) (S 20,5,4) (S 17,4,3) (S 15,3,7) (S 27,7,6) (S 22,6,1) (S 106,33,34) (S 1,1,2) (D 0,1,1)
0 1 4 200 417 22  (D 0,1,1) (S 28,7,13) (S 48,13,17) (S 62,17,20) (S 69,20,17) (S 59,17,12) (S 44,12,13) (S 47,13,12) (S 43,12,11) (S 39,11,1) (S 6,1,33) (S 105,33,26) (S 86,26,33) (S 87,26,34) (S 88,27,26) (S 109,34,33) (S 104,33,1) (S 7,1,35) (S 114,35,36) (S 94,29,36) (S 116,36,29) (D 0,1,1)
0 1 5 193 393 29  (D 0,1,1) (S 45,12,17) (S 61,17,18) (S 65,18,19) (S 68,19,18) (S 64,18,17) (S 60,17,13) (S 49,13,18) (S 66,18,22) (S 72,21,20) (S 71,20,23) (S 79,23,24) (S 81,24,23) (S 78,23,20) (S 70,20,21) (S 74,21,24) (S 80,24,21) (S 73,21,22) (S 75,22,18) (S 63,18,13) (S 50,13,19) (S 67,19,13) (S 46,13,7) (S 77,22,25) (S 84,25,24) (S 82,24,25) (S 83,25,22) (S 76,22,21) (D 0,1,1)
0 1 6 199 411 21  (D 0,1,1) (S 117,36,35) (S 113,35,34) (S 107,34,26) (S 85,26,27) (S 90,27,34) (S 108,34,27) (S 110,34,35) (S 112,35,28) (S 91,28,27) (S 89,27,28) (S 92,28,35) (S 111,35,1) (S 3,1,8) (S 32,8,40) (S 131,40,1) (S 4,1,10) (S 36,10,1) (S 2,1,6) (S 25,6,12) (D 0,1,1)
