14494
13
0
0
0 1 1 113 452 6
(D 0,1,1) (S 1,1,2) (S 3,2,4) (S 4,4,5) (S 6,5,6) (D 0,1,1)
0 1 2 144 787 7
(D 0,1,1) (S 5,4,69) (S 57,44,46) (S 56,44,45) (S 59,45,46) (S 73,58,69) (D 0,1,1)
0 1 3 163 1072 11
(D 0,1,1) (S 8,7,8) (S 12,11,59) (S 62,47,49) (S 63,49,50) (S 65,50,52) (S 68,52,54) (S 67,52,53) (S 25,19,50) (S 61,47,48) (D 0,1,1)
0 1 4 175 1045 10
(D 0,1,1) (S 9,8,9) (S 10,9,10) (S 11,11,12) (S 13,12,16) (S 14,13,14) (S 19,15,77) (S 87,76,77) (S 15,13,16) (D 0,1,1)
0 1 5 176 1143 9
(D 0,1,1) (S 16,13,77) (S 17,15,17) (S 18,15,18) (S 20,18,19) (S 24,19,21) (S 27,21,22) (S 29,22,24) (D 0,1,1)
0 1 6 189 1330 8
(D 0,1,1) (S 22,18,72) (S 82,70,71) (S 83,71,72) (S 85,72,73) (S 86,73,74) (S 84,71,73) (D 0,1,1)
0 1 7 173 1198 8
(D 0,1,1) (S 58,44,59) (S 55,43,44) (S 23,19,20) (S 21,18,20) (S 26,20,76) (S 7,5,7) (D 0,1,1)
0 1 8 181 1303 7
(D 0,1,1) (S 60,46,47) (S 30,22,75) (S 44,32,33) (S 46,32,35) (S 51,37,38) (D 0,1,1)
0 1 9 185 1253 13
(D 0,1,1) (S 64,49,51) (S 35,24,53) (S 34,24,25) (S 37,25,29) (S 40,26,28) (S 41,28,29) (S 36,25,26) (S 39,26,27) (S 31,23,26) (S 33,23,75) (S 28,21,51) (D 0,1,1)
0 1 10 182 1329 9
(D 0,1,1) (S 66,51,53) (S 38,25,75) (S 32,23,31) (S 42,30,31) (S 43,31,32) (S 45,32,34) (S 49,35,39) (D 0,1,1)
0 1 11 163 1184 9
(D 0,1,1) (S 70,57,58) (S 69,55,56) (S 50,35,41) (S 54,42,57) (S 71,58,59) (S 74,59,69) (S 2,2,3) (D 0,1,1)
0 1 12 161 1224 7
(D 0,1,1) (S 72,58,60) (S 47,33,36) (S 48,33,37) (S 52,37,39) (S 53,39,40) (D 0,1,1)
0 1 13 183 1174 9
(D 0,1,1) (S 75,60,61) (S 76,60,62) (S 78,62,66) (S 81,66,68) (S 77,62,63) (S 79,63,64) (S 80,63,65) (D 0,1,1)
