1571
6
0
0
0 1 1 123 277 21
(D 0,1,1) (S 1,1,2) (S 3,2,13) (S 35,13,2) (S 2,2,8) (S 37,13,12) (S 52,12,19) (S 54,19,25) (S 68,25,30) (S 80,31,26) (S 58,26,20) (S 55,20,14) (S 39,14,8) (S 40,8,14) (S 38,13,19) (S 81,31,30) (S 79,30,25) (S 67,25,26) (S 69,26,20) (S 56,20,21) (D 0,1,1)
0 1 2 125 270 20
(D 0,1,1) (S 22,3,10) (S 25,10,11) (S 26,11,10) (S 7,10,3) (S 5,3,9) (S 24,9,10) (S 21,10,3) (S 6,3,10) (S 23,10,9) (S 18,9,10) (S 19,10,9) (S 20,9,15) (S 44,15,22) (S 59,21,15) (S 16,14,8) (S 15,8,14) (S 41,14,15) (S 45,16,17) (D 0,1,1)
0 1 3 53 168 10
(D 0,1,1) (S 30,10,11) (S 28,11,5) (S 8,4,3) (S 9,4,5) (S 10,5,11) (S 29,11,10) (S 17,9,3) (S 4,3,2) (D 0,1,1)
0 1 4 129 289 14
(D 0,1,1) (S 31,11,24) (S 85,24,34) (S 76,33,28) (S 74,28,23) (S 63,23,28) (S 87,28,34) (S 84,34,24) (S 65,24,34) (S 66,34,24) (S 64,24,17) (S 47,17,11) (S 27,11,4) (D 0,1,1)
0 1 5 130 293 20
(D 0,1,1) (S 46,16,23) (S 61,22,15) (S 43,15,21) (S 60,21,22) (S 42,14,20) (S 70,20,26) (S 57,20,26) (S 72,27,32) (S 71,27,28) (S 73,28,22) (S 62,22,28) (S 86,34,28) (S 75,28,33) (S 82,33,28) (S 77,28,34) (S 78,34,28) (S 83,28,33) (S 88,34,33) (D 0,1,1)
0 1 6 130 274 15
(D 0,1,1) (S 53,19,18) (S 50,18,19) (S 34,19,12) (S 33,12,19) (S 51,19,12) (S 49,6,18) (S 48,18,6) (S 12,6,12) (S 32,12,6) (S 13,6,18) (S 14,18,6) (S 36,13,7) (S 11,6,1) (D 0,1,1)
