713
7
1668300
2047400
0 1 1 1 0 3  (D 0,1,1) (S 1,1,7) (D 0,1,1)
0 1 2 5 93 7  (D 0,1,1) (S 8,4,3) (S 9,3,5) (S 14,5,12) (S 12,4,12) (S 17,12,6) (D 0,1,1)
0 1 3 5 146 7  (D 0,1,1) (S 10,4,3) (S 11,3,4) (S 5,2,3) (S 7,3,4) (S 6,2,9) (D 0,1,1)
0 1 4 5 147 7  (D 0,1,1) (S 13,5,11) (S 25,9,11) (S 26,11,9) (S 3,9,1) (S 4,1,10) (D 0,1,1)
0 1 5 5 132 7  (D 0,1,1) (S 19,7,12) (S 2,1,9) (S 24,9,10) (S 27,10,11) (S 18,7,10) (D 0,1,1)
0 1 6 5 118 7  (D 0,1,1) (S 21,8,11) (S 29,9,11) (S 28,11,9) (S 22,9,1) (S 23,1,9) (D 0,1,1)
0 1 7 5 77 7  (D 0,1,1) (S 31,6,12) (S 16,6,12) (S 30,12,6) (S 15,6,8) (S 20,8,10) (D 0,1,1)
