1962
5
0
0
0 1 1 244 449 49
(D 0,1,1) (S 1,1,2) (S 6,2,3) (S 11,3,9) (S 26,9,3) (S 9,3,2) (S 8,2,7) (S 21,7,6) (S 36,6,13) (S 33,12,6) (S 39,13,21) (S 65,21,20) (S 66,20,21) (S 67,21,27) (S 85,27,35) (S 123,36,42) (S 150,42,43) (S 153,43,45) (S 154,45,43) (S 155,43,50) (S 174,50,44) (S 156,44,49) (S 172,49,50) (S 173,50,43) (S 152,43,42) (S 149,42,41) (S 147,41,49) (S 171,49,48) (S 146,48,41) (S 166,41,48) (S 168,48,49) (S 169,49,41) (S 145,41,48) (S 165,48,41) (S 167,48,47) (S 141,47,40) (S 137,40,33) (S 115,33,46) (S 116,46,33) (S 109,33,29) (S 91,29,33) (S 119,33,34) (S 117,34,26) (S 58,18,29) (S 56,18,19) (S 60,19,20) (S 61,20,12) (S 37,13,12) (D 0,1,1)
0 1 2 174 362 27
(D 0,1,1) (S 10,2,3) (S 13,4,10) (S 27,3,9) (S 28,9,15) (S 29,15,9) (S 45,9,15) (S 44,15,9) (S 46,15,14) (S 131,32,38) (S 130,38,32) (S 102,32,24) (S 77,24,16) (S 51,16,17) (S 53,17,10) (S 30,10,17) (S 54,17,16) (S 50,16,9) (S 12,9,3) (S 7,3,2) (S 4,2,1) (S 5,1,2) (S 2,2,1) (S 3,1,5) (S 32,11,12) (S 34,12,20) (D 0,1,1)
0 1 3 232 433 41
(D 0,1,1) (S 23,7,13) (S 38,13,14) (S 42,14,15) (S 100,31,37) (S 127,37,38) (S 133,38,43) (S 151,43,37) (S 124,37,31) (S 107,32,38) (S 128,38,28) (S 88,28,38) (S 89,38,28) (S 86,28,32) (S 104,28,32) (S 105,32,31) (S 125,31,37) (S 159,43,45) (S 158,45,43) (S 157,45,38) (S 132,38,37) (S 101,37,31) (S 99,31,27) (S 57,18,26) (S 79,26,18) (S 80,26,19) (S 92,30,26) (S 93,30,27) (S 83,27,30) (S 81,26,34) (S 118,34,33) (S 136,33,39) (S 134,39,29) (S 90,29,18) (S 55,18,5) (S 14,5,1) (S 15,6,7) (S 16,7,6) (S 22,6,7) (S 20,7,2) (D 0,1,1)
0 1 4 249 441 44
(D 0,1,1) (S 73,15,23) (S 75,23,31) (S 95,31,22) (S 69,22,23) (S 72,23,15) (S 48,15,23) (S 74,23,22) (S 98,23,31) (S 97,31,23) (S 70,22,31) (S 71,31,22) (S 68,22,14) (S 25,14,8) (S 24,8,14) (S 40,14,8) (S 41,8,14) (S 43,14,22) (S 96,22,31) (S 76,31,23) (S 49,23,15) (S 47,15,16) (S 52,16,24) (S 78,24,32) (S 103,32,28) (S 129,28,38) (S 108,38,32) (S 87,32,28) (S 106,32,37) (S 126,37,36) (S 160,45,50) (S 175,50,49) (S 148,49,41) (S 143,41,40) (S 140,40,47) (S 163,47,40) (S 138,40,41) (S 139,41,40) (S 144,40,41) (S 142,41,35) (S 121,35,27) (S 59,19,11) (S 31,11,5) (D 0,1,1)
0 1 5 134 277 24
(D 0,1,1) (S 162,33,46) (S 161,46,33) (S 110,33,34) (S 111,34,33) (S 135,39,33) (S 112,33,39) (S 113,39,33) (S 114,33,40) (S 164,40,47) (S 170,41,49) (S 120,34,35) (S 122,36,35) (S 94,27,30) (S 84,30,27) (S 82,27,21) (S 63,21,20) (S 62,20,21) (S 64,21,13) (S 35,13,6) (S 18,6,13) (S 19,13,6) (S 17,6,12) (D 0,1,1)
