805
4
0
0
0 1 1 50 197 17
(D 0,1,1) (S 1,1,10) (S 26,10,1) (S 38,21,22) (S 33,22,13) (S 32,13,22) (S 8,22,2) (S 7,2,22) (S 41,22,13) (S 42,13,22) (S 39,22,2) (S 14,2,4) (S 10,4,3) (S 11,3,9) (S 23,9,10) (S 2,10,1) (D 0,1,1)
0 1 2 28 167 9
(D 0,1,1) (S 28,10,9) (S 21,7,4) (S 12,4,1) (S 17,5,1) (S 15,4,3) (S 16,3,4) (S 19,6,15) (D 0,1,1)
0 1 3 50 186 11
(D 0,1,1) (S 30,10,18) (S 24,10,9) (S 25,9,19) (S 29,9,10) (S 18,5,14) (S 34,14,15) (S 35,15,16) (S 31,11,12) (S 37,20,21) (D 0,1,1)
0 1 4 46 255 13
(D 0,1,1) (S 36,18,19) (S 40,2,22) (S 20,7,2) (S 5,2,4) (S 6,4,2) (S 3,2,1) (S 13,4,2) (S 4,2,3) (S 9,3,4) (S 27,1,10) (S 22,8,12) (D 0,1,1)
