2071
8
160578100
197919500
0 1 1 131 245 20  (D 0,1,1) (S 1,1,2) (S 9,2,3) (S 11,3,9) (S 29,9,16) (S 57,16,17) (S 58,17,16) (S 55,16,9) (S 27,9,10) (S 28,10,9) (S 12,9,3) (S 6,3,2) (S 5,2,3) (S 10,3,4) (S 13,4,10) (S 31,10,9) (S 25,9,3) (S 8,3,2) (S 7,2,7) (D 0,1,1)
0 1 2 127 251 23  (D 0,1,1) (S 23,7,8) (S 24,8,7) (S 39,6,12) (S 74,20,21) (S 72,21,13) (S 21,12,6) (S 18,6,1) (S 44,13,12) (S 45,13,14) (S 78,14,22) (S 73,21,20) (S 68,20,21) (S 69,21,20) (S 70,20,30) (S 71,30,20) (S 66,20,12) (S 75,21,22) (S 49,22,14) (S 46,14,13) (S 43,13,7) (S 22,7,2) (D 0,1,1)
0 1 3 148 308 26  (D 0,1,1) (S 26,3,9) (S 32,9,10) (S 30,10,4) (S 61,17,25) (S 85,25,24) (S 83,24,32) (S 94,28,25) (S 95,25,28) (S 169,43,50) (S 170,50,45) (S 151,43,38) (S 129,38,37) (S 126,37,31) (S 105,31,32) (S 107,24,32) (S 96,28,38) (S 130,38,43) (S 152,43,42) (S 125,42,36) (S 123,36,37) (S 106,32,24) (S 82,24,23) (S 54,23,15) (S 50,15,9) (D 0,1,1)
0 1 4 149 321 26  (D 0,1,1) (S 65,11,19) (S 100,29,33) (S 113,33,40) (S 137,40,41) (S 143,41,42) (S 149,42,44) (S 166,49,44) (S 155,44,49) (S 167,49,50) (S 154,50,43) (S 132,45,38) (S 127,38,28) (S 87,28,25) (S 86,25,28) (S 157,38,45) (S 158,45,50) (S 153,43,50) (S 168,50,43) (S 150,43,37) (S 131,38,45) (S 156,45,38) (S 128,38,32) (S 84,32,24) (S 81,24,16) (D 0,1,1)
0 1 5 147 302 24  (D 0,1,1) (S 76,21,27) (S 102,30,20) (S 67,20,19) (S 109,29,33) (S 114,33,46) (S 115,46,33) (S 101,33,29) (S 63,18,29) (S 97,29,18) (S 64,19,11) (S 16,5,11) (S 17,5,18) (S 62,18,19) (S 37,19,11) (S 33,11,5) (S 15,5,6) (S 2,1,5) (S 14,5,1) (S 3,1,6) (S 4,6,1) (S 19,1,6) (S 42,12,20) (D 0,1,1)
0 1 6 64 129 13  (D 0,1,1) (S 80,15,23) (S 53,15,23) (S 79,23,15) (S 52,15,16) (S 60,16,17) (S 59,17,16) (S 56,16,15) (S 51,15,14) (S 48,14,22) (S 77,22,14) (S 47,14,15) (D 0,1,1)
0 1 7 122 227 25  (D 0,1,1) (S 103,20,30) (S 92,34,26) (S 88,26,19) (S 41,11,12) (S 38,12,6) (S 20,6,12) (S 40,12,11) (S 34,11,12) (S 35,12,11) (S 36,11,19) (S 91,26,34) (S 116,34,26) (S 89,26,29) (S 98,29,26) (S 104,30,34) (S 164,41,48) (S 165,48,47) (S 161,47,40) (S 142,40,41) (S 144,41,48) (S 163,48,41) (S 141,41,40) (S 136,40,34) (D 0,1,1)
0 1 8 150 288 29  (D 0,1,1) (S 117,26,34) (S 118,34,35) (S 124,36,42) (S 146,42,36) (S 147,36,42) (S 148,42,41) (S 138,41,40) (S 135,40,33) (S 134,33,39) (S 133,39,33) (S 111,33,39) (S 112,39,33) (S 110,33,34) (S 121,35,34) (S 139,40,47) (S 162,47,48) (S 145,48,41) (S 140,41,35) (S 120,35,27) (S 93,27,35) (S 119,35,34) (S 122,34,35) (S 160,33,46) (S 159,46,33) (S 108,33,29) (S 90,29,26) (S 99,26,29) (D 0,1,1)
