1318
4
0
0
0 1 1 149 277 18
(D 0,1,1) (S 1,1,2) (S 2,2,1) (S 18,1,9) (S 17,9,1) (S 4,1,9) (S 5,9,1) (S 3,1,8) (S 36,8,15) (S 37,15,9) (S 23,10,19) (S 57,19,15) (S 38,15,10) (S 21,10,3) (S 22,10,9) (S 19,9,2) (S 8,2,3) (D 0,1,1)
0 1 2 170 375 28
(D 0,1,1) (S 20,9,15) (S 40,15,19) (S 54,18,17) (S 42,13,16) (S 60,16,20) (S 25,11,20) (S 45,20,16) (S 41,16,13) (S 27,13,16) (S 46,16,21) (S 62,21,16) (S 44,16,20) (S 61,20,24) (S 64,21,28) (S 63,21,20) (S 58,20,11) (S 24,11,16) (S 28,16,13) (S 26,13,14) (S 49,14,17) (S 51,17,18) (S 52,18,17) (S 55,17,18) (S 53,18,15) (S 39,15,18) (S 56,18,19) (D 0,1,1)
0 1 3 188 366 23
(D 0,1,1) (S 68,23,26) (S 76,26,23) (S 73,25,29) (S 80,29,28) (S 78,28,27) (S 77,27,24) (S 69,24,27) (S 59,20,16) (S 43,16,17) (S 34,17,14) (S 32,14,15) (S 35,15,8) (S 15,8,15) (S 16,15,8) (S 31,8,14) (S 30,14,8) (S 13,8,14) (S 14,14,8) (S 12,8,1) (S 7,1,2) (S 6,2,1) (D 0,1,1)
0 1 4 127 300 24
(D 0,1,1) (S 85,30,25) (S 75,25,30) (S 82,25,29) (S 81,29,25) (S 66,22,25) (S 67,25,22) (S 72,22,25) (S 71,25,22) (S 83,29,28) (S 79,28,29) (S 70,24,28) (S 84,28,29) (S 74,29,25) (S 65,22,17) (S 47,17,13) (S 29,13,17) (S 48,17,14) (S 33,14,17) (S 50,17,16) (S 10,7,4) (S 9,4,5) (S 11,7,6) (D 0,1,1)
