1701
6
0
0
0 1 1 195 322 35
(D 0,1,1) (S 1,1,2) (S 17,3,4) (S 20,4,3) (S 19,3,7) (S 74,17,18) (S 73,18,17) (S 67,17,13) (S 52,13,18) (S 75,18,19) (S 32,13,7) (S 31,7,13) (S 72,13,18) (S 76,18,22) (S 77,22,18) (S 53,18,13) (S 48,13,7) (S 49,7,13) (S 84,18,22) (S 91,25,24) (S 90,24,25) (S 87,22,25) (S 80,22,21) (S 86,21,22) (S 85,22,21) (S 89,21,24) (S 88,24,21) (S 81,21,24) (S 82,24,21) (S 79,21,22) (S 83,22,18) (S 69,18,17) (S 65,17,12) (S 44,12,11) (D 0,1,1)
0 1 2 121 226 20
(D 0,1,1) (S 21,3,4) (S 22,4,5) (S 23,4,38) (S 132,31,37) (S 114,31,32) (S 113,32,31) (S 108,31,32) (S 109,32,31) (S 107,31,30) (S 106,30,37) (S 131,37,31) (S 110,31,37) (S 111,37,31) (S 112,31,38) (S 115,32,39) (S 18,4,3) (S 16,3,2) (S 2,2,1) (D 0,1,1)
0 1 3 194 333 29
(D 0,1,1) (S 38,1,10) (S 37,10,1) (S 4,1,8) (S 34,8,14) (S 54,14,15) (S 55,15,14) (S 58,14,15) (S 56,15,9) (S 35,9,8) (S 33,8,9) (S 36,9,15) (S 64,15,16) (S 60,16,15) (S 57,15,14) (S 39,10,16) (S 61,16,11) (S 41,11,16) (S 63,16,15) (S 59,15,16) (S 42,16,11) (S 40,11,12) (S 46,12,17) (S 68,17,18) (S 71,18,13) (S 50,13,12) (S 45,12,13) (S 51,13,17) (D 0,1,1)
0 1 4 132 227 20
(D 0,1,1) (S 117,1,33) (S 121,33,34) (S 135,1,40) (S 134,40,1) (S 7,1,11) (S 62,11,16) (S 66,12,17) (S 70,17,20) (S 78,20,17) (S 47,17,12) (S 43,12,6) (S 25,2,6) (S 30,6,7) (S 29,7,6) (S 24,6,2) (S 13,1,2) (S 14,2,6) (S 28,6,12) (D 0,1,1)
0 1 5 199 325 22
(D 0,1,1) (S 118,33,34) (S 127,34,35) (S 126,35,34) (S 122,34,35) (S 124,35,28) (S 96,28,27) (S 94,27,28) (S 98,28,35) (S 99,35,28) (S 95,28,27) (S 97,27,28) (S 125,28,35) (S 123,35,34) (S 120,34,33) (S 92,26,27) (S 93,26,34) (S 119,34,33) (S 9,33,1) (S 8,1,33) (S 116,33,1) (D 0,1,1)
0 1 6 175 268 21
(D 0,1,1) (S 133,37,36) (S 128,36,29) (S 105,29,30) (S 104,30,29) (S 100,29,30) (S 101,30,29) (S 102,29,36) (S 103,36,29) (S 129,29,36) (S 130,36,35) (S 10,1,40) (S 11,40,1) (S 5,1,10) (S 6,10,1) (S 3,1,6) (S 26,6,7) (S 27,7,6) (S 15,6,2) (S 12,2,1) (D 0,1,1)
