7253
6
35825400
85265400
0 1 1 130 1308 6  (D 0,1,1) (S 47,31,32) (S 49,32,34) (S 51,33,36) (S 73,50,52) (D 0,1,1)
0 1 2 130 1177 8  (D 0,1,1) (S 84,60,61) (S 86,60,67) (S 87,62,63) (S 91,63,65) (S 90,63,64) (S 32,21,51) (D 0,1,1)
0 1 3 129 1244 9  (D 0,1,1) (S 1,1,2) (S 27,19,20) (S 30,20,76) (S 15,12,16) (S 18,13,16) (S 16,12,76) (S 55,37,38) (D 0,1,1)
0 1 4 130 1215 10  (D 0,1,1) (S 31,21,22) (S 39,24,53) (S 38,24,25) (S 41,25,29) (S 42,25,75) (S 33,22,24) (S 83,59,69) (S 74,51,53) (D 0,1,1)
0 1 5 129 1089 9  (D 0,1,1) (S 80,58,59) (S 66,44,59) (S 67,45,46) (S 68,46,47) (S 72,49,51) (S 69,47,48) (S 60,42,43) (D 0,1,1)
0 1 6 129 1220 10  (D 0,1,1) (S 53,35,39) (S 57,39,40) (S 58,40,41) (S 62,42,57) (S 61,42,56) (S 78,56,67) (S 77,55,56) (S 9,8,9) (D 0,1,1)
