519
6
0
0
0 1 1 36 102 10
(D 0,1,1) (S 1,1,3) (S 8,3,2) (S 40,5,9) (S 9,2,5) (S 26,5,7) (S 28,5,9) (S 7,2,3) (S 5,1,7) (D 0,1,1)
0 1 2 37 100 11
(D 0,1,1) (S 13,3,2) (S 3,1,5) (S 25,5,6) (S 30,6,3) (S 2,1,4) (S 20,4,8) (S 21,8,4) (S 22,4,9) (S 38,9,8) (D 0,1,1)
0 1 3 36 70 8
(D 0,1,1) (S 16,3,6) (S 32,6,7) (S 34,7,8) (S 35,8,4) (S 36,4,8) (S 37,8,9) (D 0,1,1)
0 1 4 27 86 9
(D 0,1,1) (S 18,3,8) (S 29,9,5) (S 10,5,2) (S 14,2,3) (S 6,1,8) (S 12,2,9) (S 41,9,8) (D 0,1,1)
0 1 5 24 63 7
(D 0,1,1) (S 31,3,6) (S 33,6,8) (S 15,3,4) (S 19,4,6) (S 42,8,9) (D 0,1,1)
0 1 6 33 98 9
(D 0,1,1) (S 39,9,5) (S 23,5,2) (S 24,2,5) (S 27,5,8) (S 11,2,6) (S 17,6,3) (S 4,1,6) (D 0,1,1)
