917
8
21352300
28130400
0 1 1 50 128 6  (D 0,1,1) (S 21,9,8) (S 20,8,9) (S 36,19,13) (S 46,19,20) (D 0,1,1)
0 1 2 47 104 7  (D 0,1,1) (S 10,13,4) (S 34,4,13) (S 44,13,19) (S 51,22,21) (S 42,18,21) (D 0,1,1)
0 1 3 50 110 9  (D 0,1,1) (S 19,2,8) (S 18,8,2) (S 79,29,31) (S 72,31,1) (S 3,1,31) (S 31,12,11) (S 77,28,31) (D 0,1,1)
0 1 4 50 123 7  (D 0,1,1) (S 33,13,4) (S 35,13,19) (S 45,19,18) (S 43,19,13) (S 47,19,22) (D 0,1,1)
0 1 5 48 115 7  (D 0,1,1) (S 49,22,20) (S 53,20,22) (S 52,22,20) (S 48,20,22) (S 13,6,5) (D 0,1,1)
0 1 6 49 112 7  (D 0,1,1) (S 55,21,22) (S 54,22,21) (S 50,21,22) (S 41,18,19) (S 5,2,1) (D 0,1,1)
0 1 7 50 135 10  (D 0,1,1) (S 70,30,1) (S 73,1,31) (S 16,31,6) (S 14,6,11) (S 11,5,6) (S 29,12,8) (S 78,31,29) (S 24,9,4) (D 0,1,1)
0 1 8 48 90 11  (D 0,1,1) (S 69,31,29) (S 56,23,25) (S 57,25,23) (S 60,23,25) (S 59,25,23) (S 58,23,26) (S 64,26,27) (S 63,27,26) (S 61,26,27) (D 0,1,1)
