1439
8
98647300
109543600
0 1 1 75 155 10  (D 0,1,1) (S 28,10,11) (S 31,11,5) (S 13,5,6) (S 14,6,5) (S 15,6,5) (S 16,5,6) (S 17,6,12) (S 34,11,12) (D 0,1,1)
0 1 2 75 191 11  (D 0,1,1) (S 72,25,15) (S 80,27,26) (S 78,26,32) (S 100,32,26) (S 77,26,25) (S 43,25,15) (S 79,27,20) (S 51,17,20) (S 56,20,19) (D 0,1,1)
0 1 3 74 172 10  (D 0,1,1) (S 73,15,25) (S 75,25,31) (S 76,31,25) (S 94,31,25) (S 98,31,32) (S 101,32,27) (S 83,27,33) (S 25,3,9) (D 0,1,1)
0 1 4 75 243 12  (D 0,1,1) (S 1,1,2) (S 96,31,30) (S 97,30,31) (S 115,38,34) (S 107,34,38) (S 105,34,29) (S 88,29,34) (S 106,34,35) (S 108,35,34) (S 121,40,41) (D 0,1,1)
0 1 5 75 173 13  (D 0,1,1) (S 33,10,11) (S 32,11,10) (S 50,16,17) (S 62,22,21) (S 64,21,22) (S 63,22,21) (S 61,21,22) (S 36,17,11) (S 35,11,17) (S 5,3,9) (S 30,10,15) (D 0,1,1)
0 1 6 75 221 13  (D 0,1,1) (S 48,11,17) (S 52,18,22) (S 65,22,28) (S 84,28,22) (S 85,28,27) (S 104,33,27) (S 102,27,32) (S 82,32,27) (S 81,27,32) (S 53,19,16) (S 120,40,39) (D 0,1,1)
0 1 7 75 177 14  (D 0,1,1) (S 3,2,8) (S 22,8,9) (S 40,14,13) (S 39,13,23) (S 68,23,29) (S 86,29,23) (S 87,29,30) (S 66,23,14) (S 69,24,14) (S 37,13,7) (S 19,7,8) (S 6,9,3) (D 0,1,1)
0 1 8 47 107 14  (D 0,1,1) (S 4,3,4) (S 12,4,5) (S 9,5,4) (S 8,4,5) (S 7,4,3) (S 41,15,10) (S 23,9,8) (S 21,8,7) (S 18,7,1) (S 2,1,7) (S 27,8,9) (S 24,9,3) (D 0,1,1)
