1606
8
47059700
53585000
0 1 1 74 159 10  (D 0,1,1) (S 22,6,12) (S 71,19,18) (S 67,18,12) (S 46,12,19) (S 47,19,12) (S 70,12,19) (S 69,19,12) (S 52,12,13) (D 0,1,1)
0 1 2 73 201 10  (D 0,1,1) (S 85,26,25) (S 90,25,26) (S 102,31,30) (S 104,30,31) (S 103,31,30) (S 101,30,31) (S 106,32,33) (S 107,33,34) (D 0,1,1)
0 1 3 74 225 11  (D 0,1,1) (S 18,11,4) (S 17,4,11) (S 39,11,10) (S 64,16,23) (S 111,34,33) (S 95,28,27) (S 105,32,31) (S 88,26,20) (S 75,20,26) (D 0,1,1)
0 1 4 75 194 12  (D 0,1,1) (S 41,12,6) (S 42,6,12) (S 72,19,25) (S 82,25,19) (S 84,25,26) (S 94,26,27) (S 93,27,26) (S 92,27,26) (S 91,26,27) (S 74,20,14) (D 0,1,1)
0 1 5 74 232 12  (D 0,1,1) (S 65,17,11) (S 37,11,4) (S 38,4,11) (S 40,11,17) (S 66,17,24) (S 109,34,24) (S 81,24,34) (S 112,33,34) (S 110,34,28) (S 108,34,33) (D 0,1,1)
0 1 6 74 202 13  (D 0,1,1) (S 89,26,25) (S 97,30,29) (S 100,29,30) (S 99,30,29) (S 96,29,30) (S 98,30,25) (S 87,25,30) (S 73,25,19) (S 83,19,25) (S 86,25,29) (S 50,13,7) (D 0,1,1)
0 1 7 73 170 13  (D 0,1,1) (S 26,8,9) (S 27,9,3) (S 28,3,9) (S 35,9,10) (S 30,10,9) (S 29,9,10) (S 16,10,4) (S 12,3,9) (S 34,10,9) (S 31,9,15) (S 61,15,14) (D 0,1,1)
0 1 8 75 223 15  (D 0,1,1) (S 11,3,4) (S 10,3,2) (S 60,15,9) (S 13,9,3) (S 14,3,10) (S 32,10,4) (S 15,4,10) (S 36,10,11) (S 20,5,11) (S 19,5,4) (S 33,4,10) (S 63,16,15) (S 76,21,20) (D 0,1,1)
