2014
8
56026500
61183400
0 1 1 121 258 19  (D 0,1,1) (S 1,1,2) (S 5,2,1) (S 58,14,20) (S 100,27,26) (S 99,26,31) (S 110,31,32) (S 117,32,33) (S 113,33,32) (S 111,32,31) (S 109,31,26) (S 108,25,30) (S 107,30,25) (S 95,25,19) (S 82,19,20) (S 80,20,14) (S 56,14,8) (S 34,8,14) (D 0,1,1)
0 1 2 90 206 15  (D 0,1,1) (S 32,8,2) (S 2,2,1) (S 28,1,7) (S 29,7,6) (S 47,6,12) (S 48,12,13) (S 51,13,7) (S 30,7,13) (S 31,13,7) (S 52,7,13) (S 49,13,12) (S 55,13,14) (S 57,14,13) (D 0,1,1)
0 1 3 104 221 15  (D 0,1,1) (S 33,8,9) (S 35,9,3) (S 7,3,4) (S 19,4,5) (S 18,5,4) (S 12,4,3) (S 13,3,4) (S 40,4,10) (S 17,10,4) (S 14,4,5) (S 15,5,4) (S 8,4,3) (S 10,3,10) (D 0,1,1)
0 1 4 89 192 13  (D 0,1,1) (S 41,10,16) (S 64,16,15) (S 59,15,16) (S 60,16,15) (S 61,15,22) (S 88,23,24) (S 91,24,17) (S 68,17,16) (S 65,15,16) (S 62,16,10) (S 37,10,3) (D 0,1,1)
0 1 5 163 336 17  (D 0,1,1) (S 50,12,18) (S 73,18,12) (S 46,12,6) (S 72,6,18) (S 71,18,6) (S 23,6,12) (S 24,12,6) (S 25,6,18) (S 26,18,6) (S 22,6,7) (S 27,7,1) (S 3,1,7) (S 4,7,1) (S 6,1,2) (S 9,3,9) (D 0,1,1)
0 1 6 139 272 20  (D 0,1,1) (S 63,10,16) (S 66,16,17) (S 69,17,24) (S 89,24,23) (S 85,22,28) (S 104,28,33) (S 114,33,28) (S 115,28,33) (S 116,33,32) (S 112,32,33) (S 105,33,28) (S 102,28,22) (S 103,22,28) (S 94,23,24) (S 93,24,23) (S 87,23,16) (S 42,16,10) (S 36,9,10) (D 0,1,1)
0 1 7 102 245 15  (D 0,1,1) (S 92,17,24) (S 90,24,11) (S 21,11,5) (S 20,5,11) (S 43,11,5) (S 44,5,11) (S 45,11,24) (S 70,24,17) (S 67,17,11) (S 39,10,4) (S 16,4,10) (S 11,10,3) (S 38,3,10) (D 0,1,1)
0 1 8 127 284 19  (D 0,1,1) (S 101,27,28) (S 86,28,22) (S 84,22,21) (S 83,21,20) (S 81,20,19) (S 78,19,25) (S 96,19,25) (S 74,18,29) (S 106,29,25) (S 97,25,30) (S 98,30,25) (S 79,25,19) (S 76,19,20) (S 77,20,19) (S 75,19,12) (S 54,12,13) (S 53,13,12) (D 0,1,1)
