2313
8
110874500
123416700
0 1 1 86 168 13  (D 0,1,1) (S 1,1,2) (S 8,2,13) (S 49,13,7) (S 30,7,13) (S 31,13,7) (S 50,7,13) (S 48,13,2) (S 4,2,1) (S 5,1,2) (S 2,2,1) (S 3,1,6) (D 0,1,1)
0 1 2 156 319 19  (D 0,1,1) (S 14,3,4) (S 41,4,11) (S 40,11,4) (S 13,4,3) (S 11,3,4) (S 20,4,5) (S 19,5,4) (S 15,4,5) (S 16,5,4) (S 17,4,11) (S 22,11,5) (S 21,5,11) (S 42,11,5) (S 43,5,11) (S 44,11,24) (S 96,24,23) (S 88,23,22) (D 0,1,1)
0 1 3 158 330 18  (D 0,1,1) (S 33,8,14) (S 105,26,31) (S 116,29,18) (S 28,18,6) (S 23,6,1) (S 66,6,18) (S 67,18,12) (S 45,12,6) (S 25,6,12) (S 26,12,6) (S 27,6,18) (S 65,18,6) (S 24,6,7) (S 29,7,6) (S 46,6,12) (S 47,12,18) (D 0,1,1)
0 1 4 139 280 19  (D 0,1,1) (S 38,10,9) (S 53,9,15) (S 57,15,21) (S 81,21,15) (S 54,15,14) (S 51,14,20) (S 78,20,19) (S 75,19,25) (S 117,29,25) (S 102,25,30) (S 103,30,25) (S 76,25,19) (S 73,19,20) (S 58,21,15) (S 52,15,9) (S 35,9,10) (S 39,10,11) (D 0,1,1)
0 1 5 134 282 18  (D 0,1,1) (S 60,16,15) (S 61,15,16) (S 62,16,17) (S 64,17,11) (S 36,9,15) (S 55,15,16) (S 56,16,15) (S 59,15,22) (S 89,22,28) (S 125,28,33) (S 128,33,34) (S 130,34,24) (S 95,24,11) (S 18,11,4) (S 12,4,3) (S 9,3,2) (D 0,1,1)
0 1 6 157 314 25  (D 0,1,1) (S 63,16,23) (S 91,23,22) (S 110,22,28) (S 133,28,34) (S 129,34,33) (S 135,33,34) (S 132,34,28) (S 114,28,34) (S 115,34,28) (S 112,28,33) (S 126,33,32) (S 122,32,33) (S 123,33,32) (S 121,32,31) (S 120,31,32) (S 134,34,33) (S 107,27,28) (S 90,28,22) (S 85,22,15) (S 37,15,9) (S 34,9,3) (S 7,3,2) (S 10,2,3) (D 0,1,1)
0 1 7 130 292 20  (D 0,1,1) (S 82,15,21) (S 83,21,20) (S 77,20,14) (S 80,20,21) (S 93,23,24) (S 98,24,34) (S 99,34,24) (S 94,24,23) (S 87,22,23) (S 97,23,24) (S 131,24,34) (S 113,33,28) (S 109,28,22) (S 86,22,21) (S 84,21,22) (S 92,22,23) (S 32,8,2) (S 6,2,3) (D 0,1,1)
0 1 8 163 328 19  (D 0,1,1) (S 108,27,32) (S 127,32,33) (S 124,33,28) (S 111,28,27) (S 106,27,26) (S 104,26,25) (S 119,25,30) (S 118,30,25) (S 100,25,19) (S 79,19,20) (S 74,20,19) (S 71,19,18) (S 68,18,19) (S 69,19,18) (S 72,18,19) (S 70,19,12) (S 101,19,25) (D 0,1,1)
