1342
7
58870400
76093200
0 1 1 75 164 11  (D 0,1,1) (S 56,18,17) (S 57,18,17) (S 58,17,18) (S 59,18,22) (S 68,22,21) (S 69,21,22) (S 67,22,21) (S 66,21,22) (S 41,11,17) (D 0,1,1)
0 1 2 75 169 14  (D 0,1,1) (S 1,1,2) (S 5,3,4) (S 12,4,5) (S 10,4,10) (S 34,10,11) (S 37,11,10) (S 50,16,11) (S 55,17,18) (S 51,11,16) (S 60,19,20) (S 36,11,5) (S 61,20,17) (D 0,1,1)
0 1 3 75 147 12  (D 0,1,1) (S 30,9,14) (S 31,14,9) (S 48,9,14) (S 47,14,9) (S 44,13,7) (S 19,7,8) (S 21,8,7) (S 18,7,1) (S 2,1,7) (S 27,8,9) (D 0,1,1)
0 1 4 75 172 13  (D 0,1,1) (S 49,14,24) (S 75,24,25) (S 77,25,24) (S 79,25,26) (S 80,26,19) (S 65,20,21) (S 64,21,20) (S 63,21,20) (S 62,20,21) (S 42,17,11) (S 9,5,4) (D 0,1,1)
0 1 5 75 290 15  (D 0,1,1) (S 45,13,14) (S 90,31,35) (S 94,34,29) (S 87,29,34) (S 86,29,23) (S 73,23,29) (S 88,30,29) (S 71,23,13) (S 46,13,23) (S 72,23,14) (S 26,9,8) (S 6,3,9) (S 109,39,40) (D 0,1,1)
0 1 6 75 249 15  (D 0,1,1) (S 70,22,28) (S 84,28,22) (S 85,28,27) (S 92,32,36) (S 97,36,32) (S 98,36,35) (S 96,35,36) (S 99,36,37) (S 103,37,36) (S 113,41,37) (S 104,37,41) (S 114,41,40) (S 112,40,41) (D 0,1,1)
0 1 7 75 151 16  (D 0,1,1) (S 3,2,8) (S 22,8,9) (S 24,9,3) (S 23,9,8) (S 20,8,2) (S 38,10,11) (S 39,11,16) (S 52,16,15) (S 32,10,9) (S 33,9,10) (S 29,10,9) (S 28,9,10) (S 7,9,3) (S 4,3,2) (D 0,1,1)
