1649
7
71612000
80557400
0 1 1 108 195 20  (D 0,1,1) (S 15,2,6) (S 28,6,2) (S 14,2,3) (S 131,3,37) (S 133,31,37) (S 109,37,31) (S 107,31,30) (S 110,31,38) (S 136,38,39) (S 137,39,38) (S 134,38,4) (S 19,4,3) (S 20,3,37) (S 132,37,31) (S 108,31,37) (S 21,37,3) (S 17,3,2) (S 2,2,1) (D 0,1,1)
0 1 2 165 271 27  (D 0,1,1) (S 29,2,6) (S 30,6,12) (S 48,12,17) (S 63,17,13) (S 68,13,18) (S 69,18,17) (S 61,17,12) (S 46,12,11) (S 60,16,10) (S 43,10,16) (S 58,15,14) (S 55,14,15) (S 56,15,14) (S 59,14,15) (S 57,15,9) (S 38,9,15) (S 42,9,10) (S 41,10,9) (S 36,9,10) (S 39,10,1) (S 4,1,10) (S 5,10,1) (S 3,1,6) (S 16,6,2) (S 12,2,1) (D 0,1,1)
0 1 3 184 294 35  (D 0,1,1) (S 62,12,17) (S 64,17,18) (S 54,18,13) (S 50,13,7) (S 51,7,13) (S 66,17,20) (S 86,20,23) (S 92,23,24) (S 88,24,23) (S 76,23,20) (S 73,20,21) (S 84,21,22) (S 83,22,21) (S 79,21,22) (S 80,22,21) (S 81,21,24) (S 89,24,21) (S 77,21,20) (S 90,21,24) (S 91,24,23) (S 85,23,20) (S 75,20,23) (S 87,23,24) (S 82,24,21) (S 74,21,20) (S 78,20,21) (S 95,25,24) (S 93,24,25) (S 94,25,22) (S 71,18,19) (S 72,19,13) (S 32,13,7) (S 31,7,13) (D 0,1,1)
0 1 4 101 156 13  (D 0,1,1) (S 113,1,33) (S 122,33,34) (S 123,34,35) (S 124,35,34) (S 118,34,26) (S 115,26,33) (S 97,33,26) (S 96,26,33) (S 8,33,1) (S 9,1,35) (S 1,1,2) (D 0,1,1)
0 1 5 140 248 22  (D 0,1,1) (S 128,35,36) (S 102,29,30) (S 103,30,29) (S 104,30,29) (S 105,29,30) (S 106,30,37) (S 111,32,39) (S 27,39,5) (S 26,5,39) (S 140,39,38) (S 135,38,37) (S 130,37,3) (S 18,3,4) (S 24,4,5) (S 25,4,38) (S 141,38,39) (S 138,39,5) (S 139,5,39) (S 22,4,3) (S 23,3,4) (D 0,1,1)
0 1 6 172 275 23  (D 0,1,1) (S 129,36,35) (S 126,35,34) (S 119,34,27) (S 100,27,34) (S 101,34,27) (S 120,27,34) (S 117,34,33) (S 112,33,1) (S 10,1,40) (S 34,40,8) (S 145,8,40) (S 142,40,1) (S 7,1,33) (S 116,33,34) (S 121,34,33) (S 114,33,26) (S 98,26,34) (S 99,27,26) (S 127,34,35) (S 125,35,1) (S 13,1,2) (D 0,1,1)
0 1 7 119 210 19  (D 0,1,1) (S 143,1,40) (S 144,40,8) (S 40,1,10) (S 37,10,9) (S 35,9,8) (S 33,8,40) (S 11,40,1) (S 6,1,11) (S 44,11,12) (S 47,12,13) (S 53,13,18) (S 67,18,13) (S 52,13,17) (S 70,17,18) (S 65,18,17) (S 49,17,12) (S 45,12,6) (D 0,1,1)
