1032
8
0
0
0 1 1 27 61 4
(D 0,1,1) (S 2,1,4) (S 1,1,3) (D 0,1,1)
0 1 2 35 133 6
(D 0,1,1) (S 7,2,8) (S 8,8,2) (S 6,6,2) (S 4,2,3) (D 0,1,1)
0 1 3 25 106 5
(D 0,1,1) (S 9,3,6) (S 18,2,6) (S 19,6,10) (D 0,1,1)
0 1 4 34 162 5
(D 0,1,1) (S 10,4,5) (S 14,5,4) (S 20,6,12) (D 0,1,1)
0 1 5 24 148 5
(D 0,1,1) (S 12,4,10) (S 11,5,4) (S 3,1,5) (D 0,1,1)
0 1 6 23 214 6
(D 0,1,1) (S 13,4,11) (S 25,11,13) (S 23,8,9) (S 24,8,12) (D 0,1,1)
0 1 7 26 98 4
(D 0,1,1) (S 15,4,5) (S 16,5,10) (D 0,1,1)
0 1 8 30 110 6
(D 0,1,1) (S 22,2,8) (S 21,8,2) (S 5,2,6) (S 17,6,2) (D 0,1,1)
