1798
5
0
0
0 1 1 179 370 25
(D 0,1,1) (S 7,2,8) (S 55,14,13) (S 49,12,18) (S 88,25,30) (S 104,30,31) (S 102,31,26) (S 90,26,25) (S 87,25,29) (S 98,29,25) (S 86,25,26) (S 89,26,20) (S 72,20,19) (S 70,19,20) (S 71,20,19) (S 73,19,20) (S 78,21,22) (S 110,28,34) (S 108,34,24) (S 84,24,34) (S 97,34,28) (S 94,28,22) (S 76,22,15) (S 58,15,14) (D 0,1,1)
0 1 2 214 439 32
(D 0,1,1) (S 12,3,9) (S 46,10,11) (S 44,11,5) (S 17,5,11) (S 47,11,17) (S 64,17,11) (S 45,11,10) (S 31,9,3) (S 6,3,2) (S 8,2,13) (S 51,13,14) (S 30,14,8) (S 33,8,9) (S 34,9,10) (S 35,10,9) (S 36,9,15) (S 53,14,8) (S 54,8,14) (S 62,16,23) (S 63,23,16) (S 60,16,10) (S 37,10,9) (S 38,9,10) (S 39,10,11) (S 42,11,4) (S 14,4,10) (S 41,10,16) (S 65,17,24) (S 83,23,22) (S 77,22,21) (D 0,1,1)
0 1 3 179 376 25
(D 0,1,1) (S 43,4,11) (S 40,11,10) (S 28,9,8) (S 27,8,9) (S 32,9,8) (S 29,8,14) (S 57,14,20) (S 92,26,31) (S 103,31,30) (S 100,30,31) (S 101,31,30) (S 99,30,25) (S 85,25,19) (S 69,19,18) (S 68,18,12) (S 48,12,6) (S 5,2,3) (S 11,3,4) (S 15,4,11) (S 16,11,4) (S 13,4,3) (S 9,3,2) (S 10,2,3) (D 0,1,1)
0 1 4 194 354 20
(D 0,1,1) (S 56,13,14) (S 52,14,13) (S 24,7,6) (S 67,6,18) (S 66,18,6) (S 20,6,18) (S 21,18,6) (S 18,6,7) (S 3,7,1) (S 2,1,7) (S 19,7,6) (S 25,6,7) (S 22,7,1) (S 23,1,7) (S 26,7,13) (S 50,13,2) (S 4,2,1) (S 1,1,2) (D 0,1,1)
0 1 5 116 259 19
(D 0,1,1) (S 82,16,23) (S 75,22,21) (S 81,23,16) (S 61,16,15) (S 59,15,21) (S 91,26,27) (S 93,27,21) (S 74,21,22) (S 80,22,28) (S 106,33,32) (S 105,32,33) (S 111,34,33) (S 107,33,34) (S 96,28,34) (S 109,34,28) (S 95,28,23) (S 79,22,23) (D 0,1,1)
