1039
4
0
0
0 1 1 154 250 17
(D 0,1,1) (S 1,1,5) (S 7,5,6) (S 8,6,5) (S 2,1,19) (S 54,19,22) (S 67,23,22) (S 66,22,19) (S 52,19,20) (S 53,20,19) (S 21,9,19) (S 49,19,1) (S 50,1,19) (S 57,19,20) (S 55,20,1) (S 4,2,4) (D 0,1,1)
0 1 2 148 247 18
(D 0,1,1) (S 9,5,11) (S 23,11,6) (S 14,6,11) (S 12,6,7) (S 17,7,6) (S 18,6,7) (S 19,7,13) (S 30,13,17) (S 39,17,16) (S 37,16,12) (S 22,11,5) (S 6,5,1) (S 11,5,6) (S 10,6,5) (S 20,9,3) (S 3,19,1) (D 0,1,1)
0 1 3 139 247 22
(D 0,1,1) (S 38,16,17) (S 41,17,13) (S 45,17,18) (S 46,18,17) (S 31,17,13) (S 48,17,18) (S 47,18,17) (S 33,13,14) (S 32,14,13) (S 28,13,14) (S 29,14,13) (S 27,13,7) (S 42,13,17) (S 40,17,12) (S 25,12,6) (S 24,6,11) (S 15,11,6) (S 13,7,6) (S 16,6,12) (S 26,12,16) (D 0,1,1)
0 1 4 199 295 20
(D 0,1,1) (S 44,16,17) (S 43,17,16) (S 35,15,21) (S 60,21,15) (S 61,15,21) (S 62,21,20) (S 58,20,21) (S 64,21,24) (S 65,24,21) (S 36,21,15) (S 34,15,20) (S 63,20,21) (S 69,21,24) (S 68,24,21) (S 59,21,20) (S 56,20,19) (S 51,19,9) (S 5,2,5) (D 0,1,1)
