2139
8
205588400
230685800
0 1 1 118 226 23  (D 0,1,1) (S 1,1,2) (S 3,2,1) (S 12,6,12) (S 25,12,11) (S 31,11,12) (S 28,12,6) (S 33,12,20) (S 5,3,9) (S 18,9,3) (S 19,3,9) (S 20,9,8) (S 15,8,7) (S 17,8,14) (S 40,14,22) (S 72,22,23) (S 74,23,15) (S 44,15,16) (S 55,16,17) (S 54,17,16) (S 48,16,15) (S 43,15,14) (D 0,1,1)
0 1 2 136 257 25  (D 0,1,1) (S 30,12,11) (S 62,11,19) (S 103,29,39) (S 104,39,29) (S 60,18,29) (S 101,29,33) (S 123,33,34) (S 127,34,30) (S 107,30,34) (S 129,34,35) (S 134,35,36) (S 138,36,37) (S 142,37,32) (S 115,32,24) (S 82,24,23) (S 73,23,22) (S 110,23,31) (S 108,31,22) (S 41,22,14) (S 38,14,13) (S 34,13,6) (S 11,6,7) (S 14,7,8) (D 0,1,1)
0 1 3 148 294 29  (D 0,1,1) (S 37,13,14) (S 56,17,25) (S 86,25,24) (S 83,24,25) (S 51,16,24) (S 116,24,32) (S 95,28,25) (S 96,25,28) (S 99,28,38) (S 167,38,45) (S 166,45,38) (S 146,38,43) (S 160,43,45) (S 170,45,50) (S 183,50,45) (S 168,45,43) (S 162,43,50) (S 180,50,43) (S 158,43,38) (S 147,38,45) (S 161,45,43) (S 159,43,42) (S 140,42,36) (S 135,36,35) (S 130,35,34) (S 133,34,35) (S 36,13,12) (D 0,1,1)
0 1 4 124 234 22  (D 0,1,1) (S 70,14,22) (S 77,22,23) (S 76,23,22) (S 45,15,23) (S 78,23,24) (S 84,24,32) (S 88,28,25) (S 87,25,28) (S 97,28,32) (S 117,32,28) (S 114,31,37) (S 109,31,23) (S 71,22,21) (S 65,21,20) (S 64,20,21) (S 66,21,20) (S 67,20,21) (S 68,21,22) (S 69,22,14) (S 39,14,15) (D 0,1,1)
0 1 5 128 262 25  (D 0,1,1) (S 75,15,23) (S 113,31,32) (S 143,32,37) (S 144,37,38) (S 169,43,45) (S 181,43,50) (S 182,50,44) (S 164,44,42) (S 137,35,36) (S 139,36,42) (S 156,42,36) (S 136,36,35) (S 131,35,27) (S 94,27,35) (S 132,35,34) (S 128,34,33) (S 172,33,46) (S 171,46,33) (S 121,33,29) (S 59,18,26) (S 89,26,19) (S 35,13,7) (S 4,2,7) (D 0,1,1)
0 1 6 150 286 21  (D 0,1,1) (S 79,23,31) (S 93,31,27) (S 90,27,30) (S 91,30,27) (S 106,27,30) (S 105,30,27) (S 112,27,31) (S 85,32,24) (S 81,24,16) (S 49,16,17) (S 52,17,10) (S 22,10,17) (S 23,17,10) (S 21,10,4) (S 7,4,10) (S 53,10,17) (S 50,17,16) (S 47,16,9) (S 6,9,3) (D 0,1,1)
0 1 7 144 286 25  (D 0,1,1) (S 150,29,39) (S 149,39,29) (S 100,29,18) (S 61,19,11) (S 26,11,19) (S 63,19,26) (S 122,29,33) (S 124,33,40) (S 151,40,33) (S 125,33,46) (S 126,46,33) (S 102,33,29) (S 58,18,19) (S 27,19,11) (S 10,5,18) (S 57,18,5) (S 8,5,6) (S 2,1,5) (S 9,5,11) (S 24,11,12) (S 13,12,6) (S 29,6,12) (S 32,12,13) (D 0,1,1)
0 1 8 150 294 29  (D 0,1,1) (S 173,47,40) (S 152,40,47) (S 174,47,48) (S 155,48,41) (S 154,41,48) (S 175,48,41) (S 176,41,48) (S 177,48,49) (S 178,49,41) (S 153,41,42) (S 157,36,42) (S 165,44,49) (S 179,49,50) (S 163,50,43) (S 148,45,38) (S 145,38,37) (S 120,37,32) (S 98,32,28) (S 118,28,32) (S 119,32,37) (S 141,37,31) (S 111,31,27) (S 92,27,31) (S 80,31,23) (S 46,23,15) (S 42,15,9) (S 16,8,9) (D 0,1,1)
