1021
4
0
0
0 1 1 117 238 24
(D 0,1,1) (S 1,1,2) (S 34,12,13) (S 48,13,17) (S 39,14,8) (S 21,8,14) (S 40,14,18) (S 41,18,14) (S 51,18,14) (S 52,14,18) (S 53,18,17) (S 38,17,13) (S 36,13,12) (S 35,12,16) (S 50,16,17) (S 47,17,13) (S 37,13,17) (S 49,17,16) (S 45,16,17) (S 46,17,16) (S 44,16,12) (S 33,12,11) (S 28,11,12) (D 0,1,1)
0 1 2 119 268 17
(D 0,1,1) (S 3,2,1) (S 2,1,3) (S 11,5,10) (S 29,11,15) (S 42,15,11) (S 31,12,6) (S 19,7,8) (S 20,8,7) (S 14,7,6) (S 13,6,7) (S 17,7,6) (S 18,6,7) (S 32,6,12) (S 16,12,6) (S 15,6,12) (D 0,1,1)
0 1 3 118 248 15
(D 0,1,1) (S 12,5,11) (S 27,11,10) (S 58,10,20) (S 65,22,23) (S 55,19,20) (S 25,20,10) (S 24,10,20) (S 63,20,21) (S 62,21,20) (S 59,20,21) (S 61,21,15) (S 30,15,11) (S 26,11,5) (D 0,1,1)
0 1 4 113 267 18
(D 0,1,1) (S 43,11,15) (S 66,24,21) (S 60,21,20) (S 57,20,10) (S 56,19,22) (S 64,22,19) (S 54,19,9) (S 22,9,10) (S 23,10,9) (S 5,3,4) (S 10,4,5) (S 9,5,4) (S 7,4,5) (S 8,5,4) (S 6,4,2) (S 4,2,4) (D 0,1,1)
