382
6
12571800
13954300
0 1 1 27 59 7  (D 0,1,1) (S 11,2,5) (S 26,5,11) (S 40,11,7) (S 31,7,1) (S 24,5,8) (D 0,1,1)
0 1 2 27 69 6  (D 0,1,1) (S 17,3,9) (S 49,9,10) (S 48,10,9) (S 45,9,11) (D 0,1,1)
0 1 3 27 63 8  (D 0,1,1) (S 20,4,6) (S 34,6,7) (S 39,7,11) (S 4,1,4) (S 21,4,9) (S 46,10,7) (D 0,1,1)
0 1 4 27 54 8  (D 0,1,1) (S 14,3,1) (S 15,1,3) (S 16,3,5) (S 23,5,7) (S 51,7,11) (S 6,7,1) (D 0,1,1)
0 1 5 27 64 10  (D 0,1,1) (S 1,1,2) (S 28,7,6) (S 29,6,8) (S 32,1,7) (S 2,1,3) (S 5,1,7) (S 12,2,8) (S 30,6,9) (D 0,1,1)
0 1 6 27 73 9  (D 0,1,1) (S 3,3,1) (S 8,1,11) (S 35,7,9) (S 36,9,7) (S 42,7,9) (S 41,9,7) (S 47,7,10) (D 0,1,1)
