588
6
23347000
25496800
0 1 1 27 112 8  (D 0,1,1) (S 2,15,1) (S 1,1,15) (S 13,4,5) (S 34,20,14) (S 6,2,1) (S 4,1,24) (D 0,1,1)
0 1 2 27 71 5  (D 0,1,1) (S 37,18,21) (S 36,21,18) (S 32,18,21) (D 0,1,1)
0 1 3 27 123 8  (D 0,1,1) (S 29,15,17) (S 27,15,1) (S 23,13,15) (S 31,16,17) (S 28,1,15) (S 30,15,20) (D 0,1,1)
0 1 4 27 94 8  (D 0,1,1) (S 35,14,20) (S 38,21,22) (S 42,23,24) (S 44,24,27) (S 49,26,25) (S 47,25,26) (D 0,1,1)
0 1 5 27 88 9  (D 0,1,1) (S 33,21,18) (S 41,25,22) (S 40,22,25) (S 48,26,25) (S 45,25,22) (S 46,22,25) (S 50,25,26) (D 0,1,1)
0 1 6 27 100 9  (D 0,1,1) (S 39,21,23) (S 43,23,26) (S 51,26,27) (S 16,8,9) (S 14,5,9) (S 21,12,13) (S 22,13,14) (D 0,1,1)
