1572
6
29115000
34427500
0 1 1 98 178 11  (D 0,1,1) (S 1,2,13) (S 39,13,12) (S 51,6,18) (S 50,18,6) (S 13,6,12) (S 34,12,6) (S 14,6,18) (S 15,18,6) (S 12,6,1) (D 0,1,1)
0 1 2 129 275 22  (D 0,1,1) (S 17,8,9) (S 22,9,8) (S 19,8,14) (S 20,14,8) (S 23,8,9) (S 28,10,11) (S 31,11,4) (S 7,4,5) (S 11,5,11) (S 27,4,10) (S 5,3,10) (S 6,10,3) (S 25,3,10) (S 9,10,4) (S 8,4,10) (S 4,3,9) (S 21,9,3) (S 30,10,16) (S 46,16,15) (S 45,15,14) (D 0,1,1)
0 1 3 130 321 19  (D 0,1,1) (S 37,13,2) (S 48,17,11) (S 24,10,3) (S 26,10,4) (S 10,4,11) (S 29,11,10) (S 2,3,2) (S 33,10,11) (S 32,11,10) (S 3,3,4) (S 47,16,23) (S 67,23,22) (S 65,22,21) (S 64,22,15) (S 18,9,8) (S 16,8,2) (S 42,8,14) (D 0,1,1)
0 1 4 106 249 18  (D 0,1,1) (S 41,14,8) (S 43,14,15) (S 49,17,24) (S 95,24,34) (S 86,33,28) (S 84,28,23) (S 71,23,24) (S 72,23,28) (S 96,34,33) (S 94,34,24) (S 74,24,34) (S 75,34,24) (S 73,24,23) (S 69,23,22) (S 66,22,23) (S 70,22,23) (D 0,1,1)
0 1 5 108 244 19  (D 0,1,1) (S 55,12,19) (S 57,19,18) (S 52,18,19) (S 36,19,12) (S 35,12,19) (S 56,19,13) (S 38,13,7) (S 40,13,19) (S 58,19,20) (S 62,20,26) (S 81,26,25) (S 76,25,26) (S 79,26,20) (S 61,20,21) (S 44,14,20) (S 80,20,26) (S 82,26,27) (D 0,1,1)
0 1 6 117 305 19  (D 0,1,1) (S 59,19,25) (S 77,25,29) (S 89,31,30) (S 87,30,31) (S 88,31,26) (S 63,26,20) (S 60,20,19) (S 54,19,12) (S 53,18,29) (S 78,25,30) (S 90,31,32) (S 68,22,28) (S 85,28,33) (S 91,33,28) (S 92,28,33) (S 93,33,32) (S 83,27,32) (D 0,1,1)
