795
9
12376300
20080700
0 1 1 8 0 3  (D 0,1,1) (S 1,1,3) (D 0,1,1)
0 1 2 27 90 7  (D 0,1,1) (S 26,6,9) (S 23,5,6) (S 25,6,8) (S 13,4,3) (S 22,4,19) (D 0,1,1)
0 1 3 27 93 6  (D 0,1,1) (S 46,18,21) (S 61,21,23) (S 60,23,21) (S 54,21,23) (D 0,1,1)
0 1 4 27 100 7  (D 0,1,1) (S 7,1,27) (S 55,23,21) (S 45,20,15) (S 43,15,17) (S 11,1,3) (D 0,1,1)
0 1 5 27 83 7  (D 0,1,1) (S 12,3,4) (S 20,4,6) (S 33,12,13) (S 19,4,5) (S 24,5,9) (D 0,1,1)
0 1 6 27 78 7  (D 0,1,1) (S 18,3,4) (S 39,13,14) (S 40,14,18) (S 47,18,25) (S 58,22,23) (D 0,1,1)
0 1 7 27 116 10  (D 0,1,1) (S 51,15,20) (S 48,20,14) (S 49,14,20) (S 52,20,21) (S 64,21,25) (S 65,25,26) (S 34,12,19) (S 6,1,24) (D 0,1,1)
0 1 8 27 111 8  (D 0,1,1) (S 62,24,27) (S 63,25,21) (S 56,21,25) (S 57,25,21) (S 53,21,22) (S 59,22,25) (D 0,1,1)
0 1 9 27 124 11  (D 0,1,1) (S 14,3,6) (S 37,13,15) (S 42,20,14) (S 41,14,20) (S 50,20,15) (S 44,15,20) (S 38,14,13) (S 36,14,13) (S 35,13,14) (D 0,1,1)
