1440
4
0
0
0 1 1 147 274 21
(D 0,1,1) (S 1,2,3) (S 2,3,2) (S 4,2,3) (S 3,3,2) (S 5,3,9) (S 19,9,10) (S 22,10,15) (S 57,24,30) (S 58,30,24) (S 74,30,24) (S 75,24,30) (S 76,30,29) (S 56,29,23) (S 55,23,29) (S 71,29,23) (S 72,23,29) (S 28,13,14) (S 27,13,7) (S 14,8,7) (D 0,1,1)
0 1 2 225 429 36
(D 0,1,1) (S 20,9,14) (S 30,14,15) (S 31,15,16) (S 44,19,26) (S 62,26,32) (S 83,32,36) (S 95,36,35) (S 88,35,31) (S 78,31,32) (S 94,32,36) (S 97,36,39) (S 106,40,36) (S 98,36,40) (S 107,40,39) (S 101,37,41) (S 108,41,37) (S 85,33,27) (S 51,27,21) (S 53,21,22) (S 52,22,21) (S 48,21,22) (S 49,22,21) (S 50,21,27) (S 82,27,32) (S 89,31,35) (S 96,35,36) (S 93,36,32) (S 81,32,27) (S 66,27,26) (S 60,26,19) (S 34,19,16) (S 33,16,19) (S 42,19,16) (S 43,16,19) (D 0,1,1)
0 1 3 225 436 39
(D 0,1,1) (S 21,10,11) (S 25,11,17) (S 46,17,20) (S 47,20,27) (S 67,27,28) (S 68,27,32) (S 79,31,35) (S 92,35,39) (S 99,37,33) (S 100,37,36) (S 84,36,32) (S 69,32,27) (S 64,27,21) (S 65,21,27) (S 54,22,28) (S 70,28,27) (S 63,27,20) (S 39,20,17) (S 38,17,20) (S 45,20,17) (S 41,17,18) (S 40,18,17) (S 36,17,18) (S 37,18,17) (S 35,17,11) (S 24,11,16) (S 32,16,11) (S 23,11,12) (S 26,12,6) (S 10,5,6) (S 11,6,5) (S 7,5,4) (S 6,4,5) (S 13,5,6) (S 12,6,5) (S 8,5,4) (S 9,4,5) (D 0,1,1)
0 1 4 138 301 20
(D 0,1,1) (S 73,29,34) (S 104,38,39) (S 105,39,38) (S 87,38,34) (S 86,34,38) (S 102,38,34) (S 103,34,38) (S 90,35,36) (S 91,36,35) (S 80,35,31) (S 77,31,25) (S 59,25,26) (S 61,26,25) (S 29,14,9) (S 15,8,9) (S 16,9,8) (S 18,8,9) (S 17,9,8) (D 0,1,1)
