351
6
3974700
4745600
0 1 1 17 43 7  (D 0,1,1) (S 1,1,2) (S 18,2,4) (S 26,6,7) (S 3,1,3) (S 16,3,8) (D 0,1,1)
0 1 2 19 63 7  (D 0,1,1) (S 2,2,1) (S 4,1,5) (S 22,5,6) (S 17,4,2) (S 13,2,5) (D 0,1,1)
0 1 3 17 55 6  (D 0,1,1) (S 9,2,1) (S 6,1,6) (S 12,4,2) (S 11,2,4) (D 0,1,1)
0 1 4 22 68 7  (D 0,1,1) (S 14,2,7) (S 24,5,8) (S 25,8,5) (S 5,5,1) (S 7,1,7) (D 0,1,1)
0 1 5 18 51 6  (D 0,1,1) (S 15,2,8) (S 10,1,2) (S 8,1,8) (S 19,4,6) (D 0,1,1)
0 1 6 23 71 7  (D 0,1,1) (S 28,5,8) (S 27,8,5) (S 20,5,1) (S 21,1,5) (S 23,5,7) (D 0,1,1)
