1090
7
211493200
233166400
0 1 1 70 160 12  (D 0,1,1) (S 30,5,10) (S 62,31,17) (S 144,39,31) (S 120,32,19) (S 70,19,32) (S 123,40,32) (S 121,32,31) (S 116,31,17) (S 146,40,32) (S 122,32,40) (D 0,1,1)
0 1 2 70 157 15  (D 0,1,1) (S 1,1,5) (S 29,10,5) (S 61,17,31) (S 143,39,30) (S 114,30,29) (S 111,29,37) (S 52,24,15) (S 90,24,15) (S 91,15,24) (S 92,24,17) (S 118,31,32) (S 45,14,23) (S 139,38,36) (D 0,1,1)
0 1 3 70 147 13  (D 0,1,1) (S 173,47,39) (S 145,39,38) (S 170,38,46) (S 181,46,50) (S 168,50,45) (S 167,45,50) (S 178,50,45) (S 179,45,50) (S 180,50,46) (S 165,45,44) (S 140,38,37) (D 0,1,1)
0 1 4 70 149 15  (D 0,1,1) (S 17,5,6) (S 10,6,3) (S 21,3,6) (S 20,6,3) (S 11,4,3) (S 9,3,6) (S 34,12,7) (S 13,7,4) (S 12,4,7) (S 22,7,4) (S 23,4,7) (S 24,7,12) (S 119,31,39) (D 0,1,1)
0 1 5 70 160 16  (D 0,1,1) (S 27,9,1) (S 54,16,15) (S 102,28,22) (S 87,22,23) (S 104,28,29) (S 141,38,46) (S 171,46,50) (S 137,37,29) (S 115,29,30) (S 110,30,29) (S 109,29,30) (S 94,24,23) (S 89,23,29) (S 101,27,28) (D 0,1,1)
0 1 6 70 155 18  (D 0,1,1) (S 6,5,2) (S 4,2,3) (S 8,3,4) (S 7,3,2) (S 16,2,5) (S 43,15,14) (S 42,14,15) (S 83,23,14) (S 48,14,15) (S 86,23,22) (S 81,22,23) (S 103,28,27) (S 28,9,13) (S 41,21,13) (S 39,13,9) (S 75,13,21) (D 0,1,1)
0 1 7 70 162 20  (D 0,1,1) (S 2,1,9) (S 38,13,8) (S 26,8,13) (S 100,21,26) (S 79,26,21) (S 77,20,21) (S 76,21,20) (S 73,20,25) (S 96,25,20) (S 98,25,33) (S 97,25,26) (S 99,26,21) (S 78,21,26) (S 72,21,20) (S 71,20,21) (S 74,21,13) (S 40,13,21) (S 160,42,43) (D 0,1,1)
