1527
7
104176000
131144400
0 1 1 91 149 16  (D 0,1,1) (S 1,1,10) (S 27,10,1) (S 25,9,14) (S 39,14,9) (S 41,14,22) (S 62,23,22) (S 59,22,28) (S 74,28,22) (S 75,22,28) (S 76,28,29) (S 77,29,23) (S 61,23,14) (S 26,14,9) (S 40,9,14) (D 0,1,1)
0 1 2 97 177 20  (D 0,1,1) (S 29,10,5) (S 30,5,10) (S 12,10,5) (S 11,5,10) (S 6,2,3) (S 7,3,4) (S 8,3,6) (S 13,6,7) (S 15,7,4) (S 9,4,7) (S 10,7,4) (S 16,4,7) (S 14,7,6) (S 18,6,7) (S 17,7,6) (S 19,7,12) (S 34,12,11) (S 32,11,6) (D 0,1,1)
0 1 3 139 233 24  (D 0,1,1) (S 37,11,12) (S 36,12,11) (S 33,11,12) (S 35,12,7) (S 56,18,19) (S 57,19,18) (S 55,17,30) (S 79,30,38) (S 115,38,46) (S 114,46,38) (S 93,38,37) (S 92,37,38) (S 96,38,37) (S 97,37,38) (S 98,38,46) (S 99,46,38) (S 80,38,30) (S 78,30,17) (S 51,16,17) (S 52,17,16) (S 54,16,17) (S 53,17,16) (D 0,1,1)
0 1 4 129 242 18  (D 0,1,1) (S 46,15,24) (S 64,24,23) (S 50,15,16) (S 44,16,15) (S 42,15,1) (S 28,1,10) (S 2,10,1) (S 4,1,16) (S 47,16,1) (S 24,8,9) (S 23,9,8) (S 20,8,9) (S 21,9,8) (S 22,8,13) (S 38,13,21) (S 31,10,11) (D 0,1,1)
0 1 5 84 172 15  (D 0,1,1) (S 48,1,16) (S 49,16,15) (S 43,15,16) (S 5,16,1) (S 3,1,15) (S 45,15,23) (S 65,24,29) (S 102,39,40) (S 101,31,39) (S 100,39,31) (S 82,31,39) (S 83,39,31) (S 81,31,32) (D 0,1,1)
0 1 6 139 280 22  (D 0,1,1) (S 110,36,44) (S 107,43,48) (S 108,48,43) (S 105,43,42) (S 103,42,34) (S 70,33,25) (S 66,25,20) (S 85,25,33) (S 87,34,42) (S 104,42,43) (S 111,44,43) (S 117,43,48) (S 113,48,45) (S 112,45,48) (S 116,48,43) (S 106,43,44) (S 109,44,36) (S 89,36,38) (S 94,38,30) (S 95,30,38) (D 0,1,1)
0 1 7 140 274 24  (D 0,1,1) (S 125,50,49) (S 122,49,48) (S 118,48,45) (S 119,45,48) (S 120,48,49) (S 121,49,48) (S 123,48,49) (S 124,50,45) (S 90,36,44) (S 91,44,36) (S 88,36,28) (S 60,28,22) (S 58,21,26) (S 71,26,25) (S 69,25,33) (S 84,33,25) (S 67,25,26) (S 68,26,25) (S 72,25,26) (S 73,26,34) (S 86,34,26) (S 63,23,24) (D 0,1,1)
