1058
6
0
0
0 1 1 112 190 19
(D 0,1,1) (S 8,2,3) (S 9,3,2) (S 2,2,1) (S 74,28,26) (S 67,26,23) (S 70,27,24) (S 64,24,23) (S 62,23,24) (S 63,24,23) (S 65,23,24) (S 66,24,27) (S 71,27,26) (S 69,26,28) (S 68,26,27) (S 72,27,29) (S 75,29,31) (S 73,28,25) (D 0,1,1)
0 1 2 111 188 17
(D 0,1,1) (S 10,2,8) (S 20,6,5) (S 48,16,15) (S 45,15,14) (S 19,10,5) (S 18,5,10) (S 30,10,16) (S 31,16,10) (S 27,10,5) (S 28,5,10) (S 47,10,16) (S 46,16,10) (S 29,10,11) (S 78,31,1) (S 7,1,2) (D 0,1,1)
0 1 3 83 116 10
(D 0,1,1) (S 12,2,3) (S 11,3,2) (S 6,2,1) (S 77,1,30) (S 76,30,1) (S 3,1,30) (S 4,30,1) (S 5,1,31) (D 0,1,1)
0 1 4 120 201 16
(D 0,1,1) (S 13,3,4) (S 43,13,12) (S 37,12,11) (S 50,11,17) (S 49,17,11) (S 34,11,17) (S 35,17,11) (S 32,11,12) (S 33,12,11) (S 38,11,12) (S 36,12,8) (S 21,8,9) (S 24,9,8) (S 1,1,2) (D 0,1,1)
0 1 5 96 164 12
(D 0,1,1) (S 42,9,13) (S 39,13,4) (S 40,4,13) (S 44,13,19) (S 54,19,21) (S 61,21,22) (S 60,22,21) (S 58,21,22) (S 59,22,21) (S 57,21,18) (D 0,1,1)
0 1 6 118 199 16
(D 0,1,1) (S 56,19,20) (S 55,20,19) (S 52,19,20) (S 53,20,19) (S 51,19,13) (S 17,13,4) (S 16,4,13) (S 41,13,9) (S 22,9,3) (S 14,3,9) (S 25,9,13) (S 26,13,9) (S 15,9,3) (S 23,3,9) (D 0,1,1)
