1746
5
0
0
0 1 1 212 369 34
(D 0,1,1) (S 1,1,2) (S 7,2,8) (S 8,8,2) (S 2,2,1) (S 4,1,2) (S 5,2,3) (S 6,3,2) (S 9,3,2) (S 10,2,3) (S 45,16,17) (S 46,17,18) (S 47,18,17) (S 48,17,20) (S 56,20,21) (S 61,21,22) (S 65,22,21) (S 59,21,20) (S 54,20,17) (S 50,18,17) (S 51,17,18) (S 52,18,22) (S 62,22,21) (S 57,21,20) (S 49,20,17) (S 55,17,20) (S 60,20,21) (S 63,21,27) (S 34,12,11) (S 31,11,10) (S 12,4,5) (S 15,5,4) (S 16,4,5) (D 0,1,1)
0 1 2 225 435 35
(D 0,1,1) (S 11,3,9) (S 25,9,10) (S 29,10,11) (S 58,20,27) (S 83,27,32) (S 100,32,36) (S 109,36,35) (S 103,35,31) (S 95,31,35) (S 105,35,36) (S 106,36,35) (S 96,35,31) (S 94,31,32) (S 99,32,31) (S 104,31,35) (S 110,35,36) (S 107,36,32) (S 97,32,27) (S 98,27,32) (S 108,32,36) (S 111,36,39) (S 118,40,36) (S 112,36,40) (S 119,40,41) (S 113,37,33) (S 114,37,36) (S 101,36,32) (S 84,32,27) (S 82,27,28) (S 85,28,27) (S 80,27,21) (S 44,16,15) (S 28,10,9) (D 0,1,1)
0 1 3 42 66 5
(D 0,1,1) (S 19,2,8) (S 18,8,2) (S 3,2,1) (D 0,1,1)
0 1 4 216 462 27
(D 0,1,1) (S 75,15,25) (S 76,25,26) (S 78,26,19) (S 53,19,26) (S 79,26,25) (S 77,25,31) (S 90,24,30) (S 89,30,24) (S 72,24,30) (S 73,30,24) (S 71,24,25) (S 91,30,29) (S 70,29,23) (S 69,23,29) (S 86,29,23) (S 87,23,29) (S 88,29,34) (S 116,38,39) (S 117,39,38) (S 115,37,41) (S 120,41,37) (S 102,33,27) (S 64,27,21) (S 66,21,22) (S 81,21,27) (D 0,1,1)
0 1 5 215 414 29
(D 0,1,1) (S 92,30,31) (S 93,31,25) (S 42,25,15) (S 40,15,10) (S 41,15,25) (S 74,25,15) (S 43,16,11) (S 32,11,12) (S 33,12,6) (S 13,5,4) (S 14,4,10) (S 27,10,4) (S 30,10,15) (S 68,13,23) (S 67,23,13) (S 36,13,14) (S 37,13,23) (S 38,23,13) (S 35,13,7) (S 17,7,8) (S 21,8,9) (S 22,9,8) (S 24,8,9) (S 23,9,8) (S 26,9,14) (S 39,14,9) (S 20,8,7) (D 0,1,1)
