1685
7
41664400
54748000
0 1 1 59 125 10  (D 0,1,1) (S 1,1,7) (S 9,7,1) (S 5,2,3) (S 4,3,2) (S 31,16,17) (S 30,17,16) (S 26,16,15) (S 13,10,4) (D 0,1,1)
0 1 2 101 211 15  (D 0,1,1) (S 10,7,13) (S 20,13,23) (S 48,23,14) (S 53,24,23) (S 54,23,24) (S 55,24,30) (S 76,30,31) (S 72,31,30) (S 70,30,29) (S 68,29,23) (S 47,23,13) (S 19,13,14) (S 22,14,23) (D 0,1,1)
0 1 3 114 219 20  (D 0,1,1) (S 11,8,9) (S 12,9,14) (S 23,14,24) (S 50,24,23) (S 49,23,24) (S 52,24,14) (S 21,14,15) (S 15,10,11) (S 27,16,17) (S 28,17,16) (S 25,16,11) (S 17,11,12) (S 18,12,6) (S 8,6,12) (S 7,6,5) (S 6,4,3) (S 2,2,3) (S 3,3,2) (D 0,1,1)
0 1 4 122 310 17  (D 0,1,1) (S 37,19,26) (S 83,33,37) (S 94,37,36) (S 90,36,35) (S 87,35,39) (S 98,39,35) (S 89,36,32) (S 65,32,27) (S 64,27,32) (S 78,32,26) (S 81,32,31) (S 73,31,25) (S 57,25,26) (S 74,25,31) (S 77,31,35) (D 0,1,1)
0 1 5 128 247 22  (D 0,1,1) (S 39,20,21) (S 43,21,27) (S 80,27,32) (S 79,32,27) (S 67,27,28) (S 66,28,27) (S 60,27,21) (S 46,21,22) (S 45,22,21) (S 41,21,22) (S 42,22,21) (S 40,21,20) (S 36,17,18) (S 35,18,17) (S 32,17,18) (S 33,18,17) (S 34,17,20) (S 38,20,19) (S 29,16,19) (S 16,10,15) (D 0,1,1)
0 1 6 130 298 21  (D 0,1,1) (S 51,23,29) (S 99,35,39) (S 100,39,38) (S 96,38,39) (S 88,39,35) (S 86,35,36) (S 91,36,39) (S 92,36,40) (S 102,40,41) (S 103,41,40) (S 105,40,41) (S 104,41,40) (S 93,37,33) (S 82,33,27) (S 62,27,28) (S 63,28,27) (S 44,27,21) (S 61,21,27) (S 14,10,9) (D 0,1,1)
0 1 7 127 275 14  (D 0,1,1) (S 69,29,34) (S 85,34,38) (S 101,38,39) (S 97,39,38) (S 95,38,34) (S 84,34,35) (S 58,25,31) (S 75,31,30) (S 71,30,31) (S 59,31,25) (S 56,25,15) (S 24,15,14) (D 0,1,1)
