844
8
16887000
21149300
0 1 1 13 0 3  (D 0,1,1) (S 1,1,19) (D 0,1,1)
0 1 2 45 126 8  (D 0,1,1) (S 8,3,4) (S 7,4,3) (S 26,3,10) (S 6,10,3) (S 44,16,17) (S 37,13,17) (D 0,1,1)
0 1 3 45 115 6  (D 0,1,1) (S 13,6,11) (S 28,11,5) (S 11,11,5) (S 10,5,11) (D 0,1,1)
0 1 4 45 125 8  (D 0,1,1) (S 9,5,6) (S 16,7,8) (S 17,8,7) (S 33,13,7) (S 18,7,13) (S 47,17,18) (D 0,1,1)
0 1 5 44 109 7  (D 0,1,1) (S 51,19,20) (S 54,21,15) (S 43,15,21) (S 55,21,23) (S 66,24,23) (D 0,1,1)
0 1 6 44 96 7  (D 0,1,1) (S 52,19,22) (S 59,23,22) (S 62,23,22) (S 63,22,23) (S 64,23,24) (D 0,1,1)
0 1 7 45 136 8  (D 0,1,1) (S 39,14,13) (S 40,13,14) (S 49,14,18) (S 48,18,14) (S 38,14,8) (S 22,8,14) (D 0,1,1)
0 1 8 44 137 9  (D 0,1,1) (S 50,19,9) (S 23,9,19) (S 56,23,21) (S 57,21,24) (S 65,24,23) (S 53,20,15) (S 67,23,24) (D 0,1,1)
