1354
7
48671800
58292700
0 1 1 75 204 11  (D 0,1,1) (S 8,6,7) (S 10,7,6) (S 29,12,13) (S 28,13,12) (S 24,12,18) (S 25,13,2) (S 49,21,15) (S 74,25,26) (S 46,19,25) (D 0,1,1)
0 1 2 73 168 12  (D 0,1,1) (S 22,12,13) (S 13,9,10) (S 16,10,9) (S 19,10,16) (S 36,16,10) (S 38,16,15) (S 50,21,27) (S 72,26,20) (S 48,20,26) (S 77,27,21) (D 0,1,1)
0 1 3 74 200 12  (D 0,1,1) (S 52,22,15) (S 80,28,23) (S 59,23,24) (S 60,24,23) (S 65,23,24) (S 63,24,11) (S 21,11,5) (S 7,5,4) (S 6,4,3) (S 15,9,15) (D 0,1,1)
0 1 4 75 197 12  (D 0,1,1) (S 75,26,31) (S 92,31,30) (S 93,30,31) (S 90,31,26) (S 96,32,31) (S 89,31,30) (S 88,30,31) (S 67,25,19) (S 47,25,19) (S 27,13,7) (D 0,1,1)
0 1 5 74 188 13  (D 0,1,1) (S 12,14,8) (S 14,10,9) (S 18,10,11) (S 17,9,10) (S 20,16,10) (S 37,10,16) (S 41,16,23) (S 81,23,28) (S 99,28,33) (S 101,33,34) (S 54,22,23) (D 0,1,1)
0 1 6 75 212 13  (D 0,1,1) (S 39,16,17) (S 40,17,16) (S 42,17,16) (S 43,16,17) (S 44,17,24) (S 64,24,23) (S 61,23,28) (S 82,28,27) (S 95,32,27) (S 51,27,21) (S 56,22,28) (D 0,1,1)
0 1 7 75 185 13  (D 0,1,1) (S 53,15,22) (S 83,28,33) (S 100,33,32) (S 97,32,33) (S 98,33,28) (S 104,34,33) (S 84,33,28) (S 103,34,24) (S 66,24,34) (S 105,33,34) (S 55,23,22) (D 0,1,1)
