933
3
0
0
0 1 1 142 293 20
(D 0,1,1) (S 1,1,2) (S 2,2,1) (S 3,1,3) (S 7,3,9) (S 16,9,3) (S 17,3,9) (S 55,21,24) (S 63,24,21) (S 38,15,16) (S 42,16,15) (S 40,15,21) (S 41,21,15) (S 54,15,21) (S 21,11,10) (S 18,10,11) (S 19,11,10) (S 22,10,11) (S 20,11,5) (D 0,1,1)
0 1 2 168 368 32
(D 0,1,1) (S 9,4,5) (S 53,21,15) (S 43,15,16) (S 44,16,17) (S 48,18,14) (S 33,14,8) (S 34,8,14) (S 30,14,13) (S 27,13,12) (S 26,12,16) (S 28,12,13) (S 25,13,12) (S 24,12,13) (S 15,14,8) (S 14,8,14) (S 13,8,7) (S 12,7,6) (S 11,6,12) (S 23,12,6) (S 31,13,17) (S 32,17,13) (S 46,13,17) (S 45,17,13) (S 29,13,14) (S 35,14,13) (S 36,13,14) (S 47,17,16) (S 39,16,15) (S 37,15,11) (S 10,5,11) (D 0,1,1)
0 1 3 133 272 17
(D 0,1,1) (S 60,23,20) (S 52,20,23) (S 61,23,22) (S 62,22,23) (S 59,23,22) (S 58,22,23) (S 56,22,19) (S 57,19,22) (S 51,22,19) (S 50,19,22) (S 49,19,9) (S 8,9,3) (S 6,3,1) (S 5,1,2) (S 4,2,1) (D 0,1,1)
