423
7
9862400
11306200
0 1 1 22 42 6  (D 0,1,1) (S 1,1,3) (S 9,3,9) (S 30,9,10) (S 27,10,7) (D 0,1,1)
0 1 2 18 51 7  (D 0,1,1) (S 10,3,11) (S 33,11,2) (S 34,2,11) (S 3,1,11) (S 26,7,10) (D 0,1,1)
0 1 3 25 76 9  (D 0,1,1) (S 21,5,11) (S 7,11,2) (S 29,4,8) (S 4,2,3) (S 2,1,6) (S 25,6,10) (S 8,3,4) (D 0,1,1)
0 1 4 26 56 7  (D 0,1,1) (S 23,6,7) (S 5,2,4) (S 18,4,5) (S 20,5,10) (S 31,10,7) (D 0,1,1)
0 1 5 26 83 9  (D 0,1,1) (S 24,6,8) (S 14,8,4) (S 13,4,8) (S 28,8,4) (S 16,4,10) (S 6,2,11) (S 32,7,10) (D 0,1,1)
0 1 6 24 55 6  (D 0,1,1) (S 35,11,5) (S 17,5,4) (S 11,4,5) (S 19,5,8) (D 0,1,1)
0 1 7 27 60 6  (D 0,1,1) (S 36,5,11) (S 22,11,5) (S 12,5,4) (S 15,4,9) (D 0,1,1)
