1207
7
28827700
33162700
0 1 1 66 74 8  (D 0,1,1) (S 1,1,2) (S 9,2,3) (S 8,3,2) (S 5,2,3) (S 6,3,2) (S 3,2,1) (D 0,1,1)
0 1 2 95 224 19  (D 0,1,1) (S 25,8,9) (S 28,9,4) (S 43,4,13) (S 46,13,12) (S 74,25,28) (S 76,26,28) (S 78,27,29) (S 79,29,27) (S 77,27,26) (S 80,29,28) (S 73,23,26) (S 75,26,23) (S 81,29,30) (S 4,1,2) (S 7,2,8) (S 24,8,2) (S 2,2,1) (D 0,1,1)
0 1 3 62 111 10  (D 0,1,1) (S 29,9,13) (S 30,13,9) (S 11,9,3) (S 45,9,13) (S 42,13,4) (S 13,4,13) (S 44,13,9) (S 26,9,3) (D 0,1,1)
0 1 4 115 198 14  (D 0,1,1) (S 47,13,19) (S 61,19,20) (S 70,20,22) (S 67,22,19) (S 58,19,22) (S 69,22,20) (S 60,20,19) (S 55,19,20) (S 62,20,22) (S 66,22,21) (S 64,21,18) (S 53,18,21) (D 0,1,1)
0 1 5 120 205 16  (D 0,1,1) (S 52,11,17) (S 51,17,11) (S 35,11,10) (S 16,10,5) (S 15,5,10) (S 33,10,11) (S 41,11,12) (S 40,12,11) (S 36,11,12) (S 37,12,11) (S 38,11,17) (S 39,17,11) (S 34,11,6) (S 82,31,1) (D 0,1,1)
0 1 6 113 184 14  (D 0,1,1) (S 68,19,22) (S 71,22,21) (S 65,21,22) (S 59,22,19) (S 57,19,21) (S 72,21,22) (S 63,22,20) (S 56,20,19) (S 54,19,13) (S 14,13,4) (S 12,4,3) (S 10,3,9) (D 0,1,1)
0 1 7 120 211 17  (D 0,1,1) (S 83,31,6) (S 23,6,7) (S 22,7,6) (S 18,6,7) (S 19,7,6) (S 17,6,5) (S 50,16,15) (S 49,15,14) (S 48,14,15) (S 31,10,5) (S 32,5,10) (S 20,6,31) (S 21,31,6) (S 84,6,31) (S 27,3,9) (D 0,1,1)
