935
7
57275800
65615400
0 1 1 40 148 8  (D 0,1,1) (S 4,2,1) (S 2,2,1) (S 1,1,2) (S 13,5,4) (S 14,5,4) (S 63,23,20) (D 0,1,1)
0 1 2 40 167 7  (D 0,1,1) (S 29,9,10) (S 28,10,9) (S 55,19,9) (S 22,9,3) (S 44,14,18) (D 0,1,1)
0 1 3 40 142 7  (D 0,1,1) (S 54,16,17) (S 53,17,16) (S 51,17,16) (S 50,16,17) (S 62,21,24) (D 0,1,1)
0 1 4 40 118 7  (D 0,1,1) (S 27,5,10) (S 56,20,10) (S 30,10,11) (S 45,15,11) (S 33,11,15) (D 0,1,1)
0 1 5 39 118 8  (D 0,1,1) (S 3,1,3) (S 17,10,5) (S 46,11,15) (S 34,15,11) (S 32,11,5) (S 18,5,11) (D 0,1,1)
0 1 6 40 96 8  (D 0,1,1) (S 8,3,1) (S 5,1,2) (S 12,4,5) (S 10,4,2) (S 7,4,2) (S 6,2,4) (D 0,1,1)
0 1 7 40 146 9  (D 0,1,1) (S 11,2,4) (S 38,13,12) (S 36,12,13) (S 37,13,12) (S 35,12,11) (S 49,16,15) (S 47,15,16) (D 0,1,1)
