1521
6
132935100
142686500
0 1 1 86 193 16  (D 0,1,1) (S 12,2,36) (S 17,37,3) (S 28,3,7) (S 25,6,2) (S 11,2,6) (S 3,1,10) (S 35,10,16) (S 47,16,10) (S 34,10,9) (S 5,1,11) (S 39,12,11) (S 26,6,7) (S 10,2,3) (S 13,3,4) (D 0,1,1)
0 1 2 149 255 17  (D 0,1,1) (S 8,1,40) (S 102,1,35) (S 104,35,34) (S 77,26,27) (S 81,27,34) (S 82,34,27) (S 78,26,33) (S 79,33,26) (S 96,33,26) (S 97,26,33) (S 98,33,34) (S 100,27,34) (S 99,34,27) (S 83,28,27) (S 80,27,28) (D 0,1,1)
0 1 3 150 239 19  (D 0,1,1) (S 33,1,10) (S 48,10,16) (S 52,15,16) (S 51,16,15) (S 45,15,16) (S 49,16,11) (S 50,11,16) (S 46,16,15) (S 44,15,9) (S 4,10,1) (S 113,40,1) (S 38,16,11) (S 37,11,16) (S 36,16,10) (S 32,10,1) (S 114,1,40) (S 1,1,2) (D 0,1,1)
0 1 4 149 280 24  (D 0,1,1) (S 6,1,35) (S 7,35,1) (S 101,35,1) (S 103,35,28) (S 84,28,35) (S 105,35,36) (S 107,37,3) (S 108,3,37) (S 109,37,31) (S 88,31,30) (S 89,30,37) (S 87,30,31) (S 90,31,30) (S 91,30,31) (S 92,31,32) (S 95,32,39) (S 112,39,5) (S 94,32,31) (S 93,31,37) (S 110,38,4) (S 21,4,38) (S 14,3,7) (D 0,1,1)
0 1 5 149 261 24  (D 0,1,1) (S 57,18,22) (S 65,22,18) (S 75,25,22) (S 58,22,18) (S 66,18,22) (S 76,25,24) (S 62,21,22) (S 64,24,21) (S 63,21,24) (S 72,24,23) (S 68,23,24) (S 69,24,23) (S 67,23,20) (S 60,20,23) (S 73,23,24) (S 70,24,21) (S 71,21,24) (S 74,24,25) (S 61,21,20) (S 59,20,17) (S 56,17,18) (S 27,7,3) (D 0,1,1)
0 1 6 147 293 26  (D 0,1,1) (S 2,1,6) (S 40,12,13) (S 55,18,17) (S 53,17,18) (S 54,18,17) (S 42,13,12) (S 41,12,17) (S 15,7,3) (S 19,4,5) (S 20,5,4) (S 24,4,5) (S 23,5,4) (S 111,4,38) (S 22,38,4) (S 18,4,3) (S 16,3,37) (S 86,30,29) (S 85,29,36) (S 106,36,35) (S 30,8,40) (S 9,40,1) (S 29,8,14) (S 43,14,8) (S 31,9,15) (D 0,1,1)
