1357
4
0
0
0 1 1 68 92 10
(D 0,1,1) (S 1,1,2) (S 2,2,1) (S 15,1,7) (S 14,7,1) (S 3,1,7) (S 4,7,1) (S 6,1,2) (S 5,2,1) (D 0,1,1)
0 1 2 195 378 29
(D 0,1,1) (S 7,3,9) (S 17,9,14) (S 28,14,23) (S 61,23,29) (S 45,23,29) (S 60,29,23) (S 43,23,14) (S 27,14,15) (S 32,16,15) (S 30,15,14) (S 44,14,23) (S 51,25,26) (S 52,26,19) (S 38,19,26) (S 53,26,25) (S 50,25,24) (S 63,24,30) (S 62,30,24) (S 48,24,30) (S 49,30,24) (S 47,24,25) (S 64,30,29) (S 46,29,23) (S 29,23,14) (S 25,13,14) (S 26,14,9) (S 16,7,8) (D 0,1,1)
0 1 3 225 439 33
(D 0,1,1) (S 19,10,11) (S 24,12,11) (S 11,11,5) (S 13,5,6) (S 12,6,5) (S 8,5,6) (S 9,6,5) (S 10,5,11) (S 20,11,5) (S 21,5,11) (S 22,11,17) (S 42,21,22) (S 40,22,21) (S 39,21,22) (S 41,22,21) (S 80,35,39) (S 91,39,38) (S 75,38,34) (S 72,34,35) (S 76,35,34) (S 84,35,36) (S 71,33,37) (S 86,37,33) (S 56,27,28) (S 59,28,27) (S 55,27,20) (S 37,17,18) (S 36,18,17) (S 34,17,18) (S 35,18,17) (S 33,17,11) (D 0,1,1)
0 1 4 224 448 29
(D 0,1,1) (S 54,26,32) (S 68,32,31) (S 65,31,32) (S 69,32,36) (S 79,36,35) (S 73,35,34) (S 88,34,38) (S 89,38,39) (S 90,39,36) (S 85,36,39) (S 93,40,39) (S 92,40,36) (S 83,36,35) (S 74,34,38) (S 87,38,34) (S 77,34,35) (S 78,35,36) (S 70,36,32) (S 58,32,27) (S 57,27,32) (S 82,32,36) (S 81,36,32) (S 66,32,27) (S 67,27,32) (S 31,16,11) (S 23,12,6) (S 18,10,9) (D 0,1,1)
