726
7
15793500
16543100
0 1 1 27 73 8  (D 0,1,1) (S 11,3,1) (S 5,1,10) (S 33,8,5) (S 2,1,7) (S 1,1,6) (S 26,6,7) (D 0,1,1)
0 1 2 27 85 7  (D 0,1,1) (S 15,3,11) (S 43,11,4) (S 16,4,1) (S 6,1,11) (S 4,1,9) (D 0,1,1)
0 1 3 27 103 7  (D 0,1,1) (S 22,5,2) (S 10,2,9) (S 19,4,7) (S 38,10,3) (S 21,5,1) (D 0,1,1)
0 1 4 27 104 7  (D 0,1,1) (S 27,6,9) (S 44,11,5) (S 25,5,10) (S 41,10,9) (S 37,9,11) (D 0,1,1)
0 1 5 27 94 7  (D 0,1,1) (S 29,7,9) (S 17,4,5) (S 24,5,7) (S 42,11,2) (S 8,2,4) (D 0,1,1)
0 1 6 27 142 8  (D 0,1,1) (S 32,8,4) (S 18,4,6) (S 34,8,6) (S 35,8,9) (S 20,4,10) (S 40,10,7) (D 0,1,1)
0 1 7 27 125 11  (D 0,1,1) (S 12,3,2) (S 9,2,7) (S 13,3,4) (S 23,5,3) (S 31,8,2) (S 3,1,8) (S 7,2,1) (S 39,10,6) (S 30,7,11) (D 0,1,1)
