1574
10
0
0
0 1 1 48 105 10
(D 0,1,1) (S 23,13,12) (S 44,12,19) (S 45,19,20) (S 46,20,14) (S 9,8,14) (S 10,14,8) (S 30,8,14) (S 31,14,15) (D 0,1,1)
0 1 2 63 166 14
(D 0,1,1) (S 29,14,8) (S 8,8,9) (S 18,9,10) (S 86,34,33) (S 87,33,34) (S 83,34,33) (S 82,33,34) (S 81,33,32) (S 80,32,27) (S 50,21,22) (S 54,22,21) (S 49,21,20) (D 0,1,1)
0 1 3 62 170 11
(D 0,1,1) (S 35,15,21) (S 71,28,34) (S 84,34,24) (S 39,17,16) (S 38,16,17) (S 41,17,16) (S 40,16,23) (S 57,23,22) (S 60,22,23) (D 0,1,1)
0 1 4 57 139 8
(D 0,1,1) (S 36,15,22) (S 37,22,15) (S 3,9,3) (S 14,10,9) (S 13,9,10) (S 33,15,14) (D 0,1,1)
0 1 5 75 229 14
(D 0,1,1) (S 42,16,17) (S 21,11,24) (S 61,24,11) (S 6,5,11) (S 19,11,5) (S 20,11,10) (S 2,3,9) (S 5,4,3) (S 12,3,9) (S 11,9,3) (S 17,10,9) (S 15,9,15) (D 0,1,1)
0 1 6 54 105 10
(D 0,1,1) (S 47,20,19) (S 25,19,12) (S 24,12,19) (S 43,19,12) (S 28,12,13) (S 27,13,12) (S 7,6,1) (S 1,1,7) (D 0,1,1)
0 1 7 41 99 7
(D 0,1,1) (S 53,15,22) (S 51,22,21) (S 48,21,15) (S 32,15,14) (S 34,14,15) (D 0,1,1)
0 1 8 75 195 15
(D 0,1,1) (S 55,21,22) (S 56,22,23) (S 58,22,28) (S 70,28,27) (S 68,27,32) (S 77,31,30) (S 78,30,31) (S 79,31,32) (S 85,34,28) (S 69,28,22) (S 52,22,15) (S 4,3,10) (S 16,10,3) (D 0,1,1)
0 1 9 74 190 8
(D 0,1,1) (S 62,25,26) (S 66,26,31) (S 67,31,26) (S 63,26,25) (S 65,25,26) (S 59,23,22) (D 0,1,1)
0 1 10 74 176 10
(D 0,1,1) (S 76,26,31) (S 74,31,30) (S 73,30,31) (S 75,31,26) (S 64,26,25) (S 72,29,18) (S 22,12,13) (S 26,13,7) (D 0,1,1)
