1773
6
116561900
149957700
0 1 1 155 297 32  (D 0,1,1) (S 1,1,10) (S 56,10,17) (S 62,17,31) (S 120,31,39) (S 119,39,31) (S 99,31,39) (S 118,39,30) (S 95,30,17) (S 54,17,16) (S 77,23,29) (S 78,29,23) (S 72,23,14) (S 73,14,23) (S 76,23,28) (S 91,28,22) (S 69,21,20) (S 67,20,25) (S 85,25,33) (S 107,33,41) (S 105,33,25) (S 106,25,33) (S 70,21,26) (S 87,26,27) (S 88,27,26) (S 90,26,27) (S 89,27,26) (S 122,38,39) (S 117,39,38) (S 112,36,38) (S 115,38,37) (D 0,1,1)
0 1 2 171 297 27  (D 0,1,1) (S 26,10,1) (S 27,1,10) (S 2,10,1) (S 3,1,16) (S 58,16,17) (S 59,17,18) (S 30,10,17) (S 60,17,24) (S 50,24,15) (S 47,15,16) (S 48,16,15) (S 42,15,14) (S 41,14,15) (S 45,15,14) (S 46,14,15) (S 49,15,24) (S 79,24,15) (S 52,15,16) (S 51,16,15) (S 44,23,14) (S 43,14,23) (S 75,23,24) (S 83,24,30) (S 96,30,29) (S 94,29,37) (D 0,1,1)
0 1 3 172 295 29  (D 0,1,1) (S 35,12,7) (S 36,7,12) (S 24,12,7) (S 23,7,12) (S 22,7,4) (S 33,6,11) (S 32,11,6) (S 20,6,11) (S 21,11,6) (S 17,6,3) (S 12,3,4) (S 11,4,3) (S 7,3,4) (S 8,4,3) (S 9,3,6) (S 10,6,3) (S 18,3,6) (S 19,6,5) (S 15,5,10) (S 16,10,5) (S 29,5,10) (S 28,10,5) (S 34,11,18) (S 82,17,24) (S 61,24,17) (S 31,17,10) (S 4,2,3) (D 0,1,1)
0 1 4 157 333 28  (D 0,1,1) (S 121,39,38) (S 113,36,44) (S 111,35,34) (S 109,34,42) (S 110,42,34) (S 127,42,34) (S 128,34,42) (S 126,41,33) (S 86,33,25) (S 84,25,20) (S 66,20,21) (S 39,13,21) (S 68,21,13) (S 40,13,22) (S 37,13,8) (S 38,13,9) (S 25,9,8) (S 93,23,29) (S 92,29,23) (S 74,23,22) (S 71,22,21) (S 80,15,24) (S 81,24,17) (S 53,16,17) (S 57,17,16) (S 63,18,17) (D 0,1,1)
0 1 5 136 248 21  (D 0,1,1) (S 123,39,40) (S 104,40,32) (S 101,32,19) (S 64,19,32) (S 65,32,19) (S 102,19,32) (S 103,32,40) (S 124,40,32) (S 125,32,40) (S 97,30,38) (S 114,38,36) (S 116,38,39) (S 100,39,31) (S 98,31,17) (S 55,17,10) (S 5,2,5) (S 6,5,2) (S 14,2,5) (S 13,5,2) (D 0,1,1)
0 1 6 159 303 24  (D 0,1,1) (S 149,46,50) (S 139,46,50) (S 148,50,46) (S 138,45,46) (S 136,45,50) (S 140,50,46) (S 137,46,45) (S 135,45,49) (S 147,50,45) (S 132,45,46) (S 133,46,45) (S 134,45,48) (S 143,48,49) (S 144,49,48) (S 146,48,49) (S 145,49,48) (S 142,43,48) (S 141,48,43) (S 130,43,48) (S 131,48,43) (S 129,43,35) (S 108,34,33) (D 0,1,1)
