790
9
18786400
27514400
0 1 1 8 0 3  (D 0,1,1) (S 1,1,3) (D 0,1,1)
0 1 2 26 112 7  (D 0,1,1) (S 3,2,12) (S 11,12,13) (S 17,13,15) (S 10,7,11) (S 9,6,7) (D 0,1,1)
0 1 3 26 79 6  (D 0,1,1) (S 4,3,4) (S 8,5,6) (S 6,4,6) (S 7,4,10) (D 0,1,1)
0 1 4 27 107 9  (D 0,1,1) (S 19,13,14) (S 22,14,20) (S 29,20,15) (S 30,15,20) (S 28,18,21) (S 32,21,22) (S 35,22,23) (D 0,1,1)
0 1 5 25 105 9  (D 0,1,1) (S 25,16,17) (S 15,13,14) (S 20,14,18) (S 21,18,14) (S 16,14,13) (S 12,13,12) (S 14,12,13) (D 0,1,1)
0 1 6 23 73 7  (D 0,1,1) (S 27,14,18) (S 26,18,14) (S 18,14,13) (S 13,13,12) (S 2,2,1) (D 0,1,1)
0 1 7 27 105 7  (D 0,1,1) (S 31,20,21) (S 33,21,23) (S 34,23,21) (S 37,21,23) (S 39,25,26) (D 0,1,1)
0 1 8 27 97 6  (D 0,1,1) (S 40,26,27) (S 41,27,26) (S 43,26,27) (S 5,3,6) (D 0,1,1)
0 1 9 27 112 7  (D 0,1,1) (S 42,27,26) (S 38,23,24) (S 36,23,21) (S 24,20,15) (S 23,15,20) (D 0,1,1)
