1705
6
175667100
200238700
0 1 1 56 88 7  (D 0,1,1) (S 1,1,7) (S 13,7,1) (S 4,2,8) (S 5,8,2) (S 2,2,1) (D 0,1,1)
0 1 2 168 350 27  (D 0,1,1) (S 12,5,11) (S 79,28,22) (S 53,21,20) (S 48,20,19) (S 51,19,20) (S 45,17,20) (S 56,22,21) (S 54,21,22) (S 55,21,27) (S 93,27,32) (S 94,32,31) (S 85,31,25) (S 67,25,15) (S 30,15,14) (S 29,14,15) (S 33,15,14) (S 31,14,23) (S 34,14,15) (S 35,15,16) (S 39,16,17) (S 40,17,16) (S 37,16,11) (S 21,11,5) (S 8,5,4) (S 11,4,5) (D 0,1,1)
0 1 3 131 250 20  (D 0,1,1) (S 14,7,13) (S 28,13,14) (S 27,14,13) (S 25,13,23) (S 63,23,24) (S 64,24,25) (S 70,25,26) (S 74,26,32) (S 91,32,26) (S 73,26,19) (S 47,19,20) (S 50,20,19) (S 46,18,17) (S 43,17,16) (S 38,16,15) (S 32,15,10) (S 20,10,9) (S 18,9,8) (D 0,1,1)
0 1 4 145 269 19  (D 0,1,1) (S 44,16,17) (S 42,17,11) (S 22,11,10) (S 19,10,4) (S 7,4,5) (S 10,5,4) (S 9,4,10) (S 36,15,25) (S 68,25,24) (S 61,24,14) (S 24,14,13) (S 23,13,14) (S 26,14,9) (S 17,8,9) (S 16,2,8) (S 15,8,2) (S 3,2,3) (D 0,1,1)
0 1 5 170 394 33  (D 0,1,1) (S 52,20,27) (S 108,37,41) (S 118,40,41) (S 116,39,40) (S 96,32,36) (S 105,36,40) (S 117,40,39) (S 113,39,36) (S 104,36,39) (S 114,39,38) (S 110,38,39) (S 111,39,38) (S 109,38,34) (S 101,34,38) (S 115,38,39) (S 112,39,35) (S 100,34,35) (S 102,35,31) (S 88,31,32) (S 77,32,27) (S 76,27,32) (S 92,32,27) (S 78,27,33) (S 107,33,37) (S 106,37,33) (S 98,33,37) (S 99,37,33) (S 97,33,27) (S 75,27,20) (S 49,20,17) (S 6,3,2) (D 0,1,1)
0 1 6 154 354 24  (D 0,1,1) (S 58,23,24) (S 62,24,23) (S 60,23,29) (S 80,29,30) (S 84,30,31) (S 87,31,30) (S 81,30,29) (S 83,29,30) (S 66,24,30) (S 82,30,29) (S 69,24,25) (S 71,25,31) (S 90,31,35) (S 103,35,34) (S 86,25,31) (S 95,31,32) (S 89,32,31) (S 72,31,25) (S 65,25,24) (S 59,24,23) (S 57,23,13) (S 41,16,19) (D 0,1,1)
