952
7
48130700
56497200
0 1 1 65 120 10  (D 0,1,1) (S 5,1,33) (S 6,33,1) (S 39,16,11) (S 38,11,16) (S 36,11,1) (S 34,1,10) (S 35,10,9) (S 32,9,8) (D 0,1,1)
0 1 2 64 168 13  (D 0,1,1) (S 23,6,7) (S 58,18,17) (S 56,17,13) (S 57,18,13) (S 45,13,19) (S 46,19,13) (S 70,22,21) (S 55,12,17) (S 99,31,30) (S 44,7,13) (S 24,6,12) (D 0,1,1)
0 1 3 65 153 11  (D 0,1,1) (S 3,1,10) (S 33,10,1) (S 108,35,34) (S 92,34,27) (S 87,27,26) (S 86,26,27) (S 90,27,28) (S 1,1,2) (S 93,28,27) (D 0,1,1)
0 1 4 65 118 12  (D 0,1,1) (S 10,2,3) (S 17,3,37) (S 13,36,2) (S 109,36,2) (S 110,2,36) (S 111,36,37) (S 112,37,3) (S 26,3,7) (S 16,7,3) (S 14,3,4) (D 0,1,1)
0 1 5 64 120 13  (D 0,1,1) (S 59,18,22) (S 81,25,24) (S 76,24,23) (S 64,23,20) (S 63,20,23) (S 75,23,24) (S 80,24,25) (S 72,25,22) (S 66,21,22) (S 25,7,3) (S 15,3,7) (D 0,1,1)
0 1 6 65 127 13  (D 0,1,1) (S 69,18,22) (S 84,25,24) (S 78,24,23) (S 73,23,20) (S 74,20,23) (S 79,23,24) (S 85,24,25) (S 77,24,21) (S 67,21,24) (S 65,21,20) (S 28,13,7) (D 0,1,1)
0 1 7 61 146 14  (D 0,1,1) (S 97,29,30) (S 100,31,37) (S 117,38,37) (S 113,37,36) (S 114,37,38) (S 22,5,39) (S 119,39,38) (S 118,38,39) (S 21,5,4) (S 116,4,38) (S 115,38,4) (S 19,4,38) (D 0,1,1)
