21971
7
129160300
186791200
0 1 1 1983 3290 14  (D 0,1,1) (S 6,4,3) (S 13,7,16) (S 37,23,24) (S 61,36,35) (S 59,34,33) (S 74,33,42) (S 76,42,51) (S 45,29,20) (S 21,11,12) (S 40,25,34) (S 18,12,11) (S 17,11,12) (D 0,1,1)
0 1 2 1984 2969 11  (D 0,1,1) (S 11,6,15) (S 54,33,24) (S 42,26,35) (S 60,35,34) (S 58,33,43) (S 78,43,34) (S 77,43,33) (S 41,26,17) (S 30,17,18) (D 0,1,1)
0 1 3 1959 3256 11  (D 0,1,1) (S 19,11,20) (S 46,29,30) (S 50,30,29) (S 63,37,38) (S 115,61,53) (S 102,54,55) (S 135,72,73) (S 121,64,70) (S 8,4,5) (D 0,1,1)
0 1 4 1968 3120 11  (D 0,1,1) (S 49,30,21) (S 116,61,68) (S 130,68,69) (S 131,69,62) (S 118,62,69) (S 132,69,70) (S 136,73,66) (S 111,58,66) (S 123,65,64) (D 0,1,1)
0 1 5 1966 2987 11  (D 0,1,1) (S 105,56,49) (S 95,50,41) (S 57,42,33) (S 80,43,44) (S 114,60,59) (S 110,58,59) (S 100,52,51) (S 98,51,50) (S 16,11,10) (D 0,1,1)
0 1 6 1963 3019 12  (D 0,1,1) (S 34,21,22) (S 47,30,29) (S 51,29,30) (S 64,38,37) (S 91,49,48) (S 117,62,54) (S 68,39,40) (S 97,49,50) (S 72,41,42) (S 53,33,23) (D 0,1,1)
0 1 7 1971 3330 14  (D 0,1,1) (S 33,20,19) (S 67,39,31) (S 90,48,55) (S 119,63,70) (S 133,70,71) (S 109,58,51) (S 93,50,49) (S 92,49,50) (S 71,41,32) (S 52,32,23) (S 70,40,41) (S 112,59,52) (D 0,1,1)
