1474
6
23249500
31319600
0 1 1 129 248 14  (D 0,1,1) (S 1,1,9) (S 24,9,8) (S 21,8,5) (S 10,5,4) (S 11,4,5) (S 9,5,1) (S 23,8,9) (S 2,2,3) (S 29,10,19) (S 52,19,10) (S 53,10,19) (S 50,18,23) (D 0,1,1)
0 1 2 80 231 15  (D 0,1,1) (S 25,8,13) (S 37,13,16) (S 57,20,27) (S 70,24,21) (S 79,21,29) (S 67,29,22) (S 65,22,21) (S 59,16,21) (S 58,21,16) (S 45,16,21) (S 46,21,16) (S 44,16,11) (S 36,12,11) (D 0,1,1)
0 1 3 79 173 11  (D 0,1,1) (S 26,9,8) (S 22,8,7) (S 18,7,8) (S 19,7,12) (S 20,12,7) (S 4,4,5) (S 5,5,4) (S 7,4,7) (S 15,7,4) (D 0,1,1)
0 1 4 115 262 18  (D 0,1,1) (S 35,7,12) (S 34,12,7) (S 6,4,6) (S 13,6,11) (S 31,11,6) (S 32,6,11) (S 33,11,16) (S 55,20,16) (S 56,20,21) (S 60,21,20) (S 54,20,11) (S 14,11,6) (S 12,6,7) (S 8,7,4) (S 16,4,7) (S 17,7,6) (D 0,1,1)
0 1 5 129 288 21  (D 0,1,1) (S 42,15,14) (S 48,14,17) (S 47,17,14) (S 40,14,17) (S 41,17,14) (S 38,14,15) (S 39,15,14) (S 43,14,15) (S 49,17,22) (S 83,30,26) (S 84,26,30) (S 77,30,26) (S 76,26,30) (S 72,25,30) (S 82,30,23) (S 75,23,26) (S 73,26,18) (S 30,19,10) (S 28,10,9) (D 0,1,1)
0 1 6 121 272 17  (D 0,1,1) (S 51,18,26) (S 74,26,23) (S 68,23,26) (S 69,26,23) (S 71,25,22) (S 81,22,29) (S 80,29,22) (S 66,22,29) (S 78,29,21) (S 62,21,29) (S 63,29,21) (S 61,21,22) (S 64,22,17) (S 27,8,9) (S 3,2,9) (D 0,1,1)
