1424
16
0
0
0 1 1 41 95 7
(D 0,1,1) (S 5,1,19) (S 58,19,9) (S 60,19,22) (S 75,23,24) (S 74,24,23) (D 0,1,1)
0 1 2 36 70 6
(D 0,1,1) (S 6,1,20) (S 61,20,1) (S 4,1,11) (S 15,5,1) (D 0,1,1)
0 1 3 43 80 6
(D 0,1,1) (S 10,3,4) (S 11,4,3) (S 13,3,4) (S 14,4,5) (D 0,1,1)
0 1 4 19 50 5
(D 0,1,1) (S 12,4,3) (S 32,10,2) (S 9,2,10) (D 0,1,1)
0 1 5 41 85 6
(D 0,1,1) (S 18,5,6) (S 37,6,12) (S 36,12,6) (S 20,6,7) (D 0,1,1)
0 1 6 43 94 6
(D 0,1,1) (S 21,6,11) (S 22,11,6) (S 28,7,13) (S 54,17,16) (D 0,1,1)
0 1 7 40 78 6
(D 0,1,1) (S 23,6,12) (S 24,12,6) (S 19,6,5) (S 2,5,1) (D 0,1,1)
0 1 8 42 94 6
(D 0,1,1) (S 30,8,7) (S 26,7,8) (S 27,8,7) (S 25,7,6) (D 0,1,1)
0 1 9 44 90 6
(D 0,1,1) (S 34,11,6) (S 35,6,11) (S 33,11,1) (S 8,2,4) (D 0,1,1)
0 1 10 41 109 7
(D 0,1,1) (S 43,13,14) (S 44,14,13) (S 29,13,7) (S 31,7,8) (S 16,1,5) (D 0,1,1)
0 1 11 34 85 7
(D 0,1,1) (S 46,13,14) (S 45,14,13) (S 41,13,7) (S 42,7,13) (S 1,1,5) (D 0,1,1)
0 1 12 37 105 9
(D 0,1,1) (S 50,12,16) (S 49,16,12) (S 39,16,12) (S 40,12,17) (S 53,17,13) (S 62,1,20) (S 63,20,15) (D 0,1,1)
0 1 13 45 105 10
(D 0,1,1) (S 55,18,14) (S 47,14,18) (S 48,18,14) (S 56,14,18) (S 57,18,17) (S 52,17,12) (S 38,12,16) (S 51,16,17) (D 0,1,1)
0 1 14 36 76 5
(D 0,1,1) (S 59,19,20) (S 7,20,1) (S 3,1,9) (D 0,1,1)
0 1 15 45 99 8
(D 0,1,1) (S 64,20,21) (S 70,21,23) (S 71,23,24) (S 73,24,21) (S 68,21,24) (S 72,24,23) (D 0,1,1)
0 1 16 45 109 7
(D 0,1,1) (S 69,23,21) (S 66,21,23) (S 67,23,21) (S 65,21,15) (S 17,5,4) (D 0,1,1)
