1878
7
0
0
0 1 1 168 343 36
(D 0,1,1) (S 1,1,16) (S 53,16,17) (S 55,17,10) (S 54,17,16) (S 50,16,1) (S 98,29,28) (S 89,26,25) (S 73,22,21) (S 71,22,14) (S 45,14,15) (S 43,15,1) (S 82,15,24) (S 85,24,23) (S 117,36,38) (S 161,50,49) (S 157,49,50) (S 151,50,46) (S 148,46,45) (S 149,45,46) (S 150,46,50) (S 159,50,46) (S 160,46,50) (S 116,35,34) (S 129,41,42) (S 131,42,34) (S 132,34,42) (S 133,42,41) (S 134,41,42) (S 75,22,28) (S 92,27,26) (S 90,26,27) (S 91,27,26) (S 93,26,27) (S 94,28,27) (D 0,1,1)
0 1 2 119 197 21
(D 0,1,1) (S 58,16,17) (S 57,17,16) (S 51,16,15) (S 48,15,24) (S 83,24,17) (S 23,10,17) (S 25,11,6) (S 26,6,11) (S 19,11,6) (S 18,6,11) (S 15,6,3) (S 16,3,6) (S 17,6,5) (S 12,5,2) (S 2,2,3) (S 13,2,5) (S 4,5,2) (S 3,2,5) (S 11,5,1) (D 0,1,1)
0 1 3 170 313 34
(D 0,1,1) (S 60,17,24) (S 49,24,15) (S 52,15,16) (S 47,16,15) (S 46,15,16) (S 44,15,14) (S 86,24,30) (S 102,30,29) (S 97,29,24) (S 81,24,15) (S 79,23,29) (S 80,29,23) (S 72,14,22) (S 67,21,13) (S 36,13,21) (S 68,21,20) (S 66,20,25) (S 65,20,21) (S 69,21,22) (S 40,22,14) (S 41,14,23) (S 78,23,22) (S 70,22,13) (S 34,13,8) (S 39,14,22) (S 35,13,9) (S 37,14,15) (S 38,15,14) (S 77,14,23) (S 96,23,29) (S 95,29,23) (S 76,23,14) (D 0,1,1)
0 1 4 147 265 20
(D 0,1,1) (S 84,17,24) (S 61,24,17) (S 14,5,6) (S 107,19,32) (S 105,32,31) (S 104,31,32) (S 110,32,40) (S 125,40,39) (S 122,39,30) (S 101,30,17) (S 24,17,10) (S 56,10,17) (S 33,11,12) (S 63,19,32) (S 64,32,19) (S 20,7,4) (S 5,3,4) (S 6,4,3) (D 0,1,1)
0 1 5 90 176 15
(D 0,1,1) (S 99,29,30) (S 103,30,38) (S 147,38,46) (S 143,46,45) (S 145,45,50) (S 158,50,45) (S 144,45,48) (S 156,49,45) (S 142,45,46) (S 146,46,38) (S 120,38,46) (S 121,46,38) (S 119,38,37) (D 0,1,1)
0 1 6 174 313 23
(D 0,1,1) (S 100,29,37) (S 118,36,44) (S 140,44,43) (S 141,43,44) (S 155,43,48) (S 154,48,43) (S 136,43,44) (S 137,44,43) (S 138,43,48) (S 139,48,43) (S 135,43,35) (S 114,34,42) (S 115,42,34) (S 130,42,41) (S 128,41,33) (S 88,33,25) (S 87,25,33) (S 112,33,25) (S 113,25,33) (S 74,22,23) (S 42,23,14) (D 0,1,1)
0 1 7 165 271 26
(D 0,1,1) (S 153,40,47) (S 152,47,40) (S 123,40,32) (S 108,32,31) (S 109,31,32) (S 124,32,40) (S 126,40,47) (S 127,47,40) (S 111,40,32) (S 106,32,19) (S 9,4,3) (S 7,3,6) (S 8,6,3) (S 10,3,4) (S 21,7,12) (S 22,12,7) (S 31,7,12) (S 28,12,11) (S 27,11,12) (S 30,12,7) (S 32,12,11) (S 29,11,18) (S 59,17,18) (S 62,18,11) (D 0,1,1)
