2025
8
0
0
0 1 1 127 218 16
(D 0,1,1) (S 1,1,2) (S 2,2,1) (S 6,1,2) (S 5,2,1) (S 11,5,4) (S 7,4,5) (S 8,5,4) (S 9,4,6) (S 37,7,12) (S 38,12,11) (S 12,4,5) (S 10,5,1) (S 4,1,9) (S 25,9,2) (D 0,1,1)
0 1 2 110 234 16
(D 0,1,1) (S 26,9,10) (S 82,10,19) (S 81,19,10) (S 29,10,15) (S 54,15,14) (S 55,14,17) (S 70,17,14) (S 62,14,15) (S 30,15,10) (S 31,10,19) (S 78,19,18) (S 76,18,17) (S 75,17,22) (S 74,17,18) (D 0,1,1)
0 1 3 113 225 16
(D 0,1,1) (S 27,9,15) (S 59,15,10) (S 60,10,15) (S 57,15,8) (S 22,8,13) (S 69,13,17) (S 68,17,13) (S 40,13,12) (S 52,13,14) (S 51,14,13) (S 43,12,13) (S 44,13,14) (S 45,14,13) (S 42,13,12) (D 0,1,1)
0 1 4 149 305 21
(D 0,1,1) (S 47,13,17) (S 66,17,16) (S 63,16,11) (S 33,11,6) (S 14,6,11) (S 35,11,16) (S 67,16,20) (S 107,20,24) (S 106,24,20) (S 89,20,27) (S 118,27,20) (S 85,20,11) (S 15,11,6) (S 34,6,11) (S 41,12,16) (S 73,16,17) (S 56,17,14) (S 53,14,15) (S 58,15,9) (D 0,1,1)
0 1 5 142 292 19
(D 0,1,1) (S 61,15,14) (S 71,14,17) (S 72,17,16) (S 64,16,12) (S 19,12,7) (S 16,7,6) (S 13,5,8) (S 50,8,14) (S 49,14,8) (S 21,8,7) (S 18,7,12) (S 36,12,7) (S 17,7,8) (S 23,8,14) (S 24,14,8) (S 20,8,1) (S 3,1,5) (D 0,1,1)
0 1 6 118 276 23
(D 0,1,1) (S 80,18,26) (S 116,26,30) (S 111,25,29) (S 121,29,21) (S 91,21,22) (S 99,22,29) (S 123,29,22) (S 102,22,23) (S 98,23,22) (S 96,22,21) (S 122,21,29) (S 100,29,22) (S 124,22,29) (S 110,25,22) (S 127,30,26) (S 117,30,26) (S 128,26,30) (S 112,25,30) (S 125,30,23) (S 105,23,30) (S 126,30,25) (D 0,1,1)
0 1 7 55 142 10
(D 0,1,1) (S 84,18,19) (S 77,18,19) (S 83,19,18) (S 79,18,23) (S 115,23,26) (S 113,26,18) (S 32,19,10) (S 28,10,3) (D 0,1,1)
0 1 8 148 333 23
(D 0,1,1) (S 114,26,23) (S 103,23,26) (S 104,26,23) (S 101,23,22) (S 97,22,23) (S 92,21,24) (S 108,24,21) (S 93,21,28) (S 120,28,24) (S 109,24,28) (S 119,28,21) (S 94,21,29) (S 95,29,21) (S 90,21,20) (S 87,20,24) (S 88,24,20) (S 86,20,16) (S 65,16,17) (S 48,17,13) (S 46,13,16) (S 39,12,13) (D 0,1,1)
