99385
9
65452737900
170190090900
0 1 1 5754 11338 46  (D 0,1,1) (S 52,423,38) (S 352,38,355) (S 1148,89,615) (S 90,615,89) (S 87,87,483) (S 737,484,543) (S 738,543,484) (S 1093,593,486) (S 741,486,305) (S 261,305,114) (S 262,114,305) (S 742,305,486) (S 744,593,486) (S 264,486,305) (S 132,305,114) (S 131,114,305) (S 263,305,486) (S 743,486,593) (S 739,485,484) (S 95,93,575) (S 96,575,93) (S 1052,93,575) (S 1051,575,93) (S 762,93,493) (S 761,493,93) (S 736,485,484) (S 94,493,93) (S 735,484,485) (S 268,505,307) (S 128,550,112) (S 198,666,234) (S 240,474,292) (S 127,112,550) (S 101,96,97) (S 102,97,96) (S 179,190,700) (S 960,86,548) (S 284,4,339) (S 50,355,38) (S 634,443,444) (S 285,339,338) (S 504,5,400) (S 83,86,548) (S 60,402,40) (D 0,1,1)
0 1 2 7894 10760 30  (D 0,1,1) (S 68,420,43) (S 566,64,420) (S 1102,595,596) (S 289,340,341) (S 297,341,399) (S 298,399,341) (S 502,341,399) (S 501,399,341) (S 304,342,343) (S 303,343,342) (S 302,343,342) (S 301,342,343) (S 299,342,341) (S 295,341,342) (S 291,340,367) (S 406,10,369) (S 405,369,10) (S 466,381,388) (S 244,9,295) (S 380,295,363) (S 379,363,295) (S 246,363,295) (S 245,295,363) (S 243,295,9) (S 392,10,367) (S 391,367,10) (S 19,10,381) (S 515,403,404) (D 0,1,1)
0 1 3 7953 9970 30  (D 0,1,1) (S 434,415,376) (S 433,376,415) (S 615,437,16) (S 427,375,413) (S 428,413,375) (S 429,375,414) (S 430,414,375) (S 544,375,414) (S 543,414,375) (S 542,375,413) (S 541,413,375) (S 432,375,376) (S 431,376,375) (S 21,16,437) (S 62,412,40) (S 569,422,360) (S 371,360,421) (S 373,360,422) (S 316,347,346) (S 350,352,354) (S 349,354,352) (S 348,352,353) (S 34,285,27) (S 37,27,417) (S 663,456,457) (S 231,285,27) (S 232,27,285) (S 33,27,285) (D 0,1,1)
0 1 4 6988 9376 35  (D 0,1,1) (S 3,4,451) (S 4,451,4) (S 650,4,451) (S 649,451,4) (S 576,21,424) (S 1184,80,631) (S 82,631,80) (S 575,424,21) (S 1183,631,80) (S 81,80,631) (S 29,21,424) (S 949,544,517) (S 935,539,581) (S 222,287,275) (S 63,41,415) (S 547,415,376) (S 548,376,415) (S 616,16,437) (S 22,437,16) (S 425,375,376) (S 426,376,375) (S 56,412,39) (S 55,39,412) (S 45,35,401) (S 510,35,402) (S 509,402,35) (S 506,35,401) (S 530,401,409) (S 529,409,401) (S 610,433,434) (S 608,434,433) (S 605,433,402) (S 464,386,387) (D 0,1,1)
0 1 5 8000 10749 37  (D 0,1,1) (S 30,424,21) (S 950,517,544) (S 864,544,517) (S 933,539,540) (S 934,540,539) (S 938,539,540) (S 937,540,539) (S 936,581,539) (S 763,494,495) (S 764,495,494) (S 869,519,520) (S 870,520,519) (S 1065,581,539) (S 765,494,517) (S 766,517,494) (S 862,494,517) (S 861,517,494) (S 768,494,495) (S 767,495,494) (S 872,539,519) (S 871,519,539) (S 867,519,518) (S 868,518,519) (S 866,519,518) (S 865,518,519) (S 863,517,544) (S 932,519,539) (S 931,539,519) (S 874,519,520) (S 873,520,519) (S 1066,539,581) (S 233,287,275) (S 221,275,287) (S 558,287,418) (S 570,360,422) (D 0,1,1)
0 1 6 7979 10687 42  (D 0,1,1) (S 283,339,4) (S 518,403,404) (S 460,287,386) (S 622,439,440) (S 620,440,439) (S 218,51,272) (S 492,273,396) (S 1198,637,638) (S 832,508,509) (S 493,396,429) (S 699,472,471) (S 697,471,472) (S 695,470,639) (S 491,396,273) (S 1197,638,637) (S 831,509,508) (S 593,429,428) (S 584,428,427) (S 583,427,428) (S 594,428,429) (S 585,428,427) (S 586,427,428) (S 598,428,430) (S 597,430,428) (S 702,425,473) (S 582,425,426) (S 580,473,425) (S 579,425,473) (S 578,426,425) (S 589,428,430) (S 590,430,428) (S 701,473,425) (S 581,426,425) (S 577,425,426) (S 463,387,386) (S 1195,637,638) (S 47,35,402) (S 898,526,527) (S 894,527,526) (S 897,527,526) (D 0,1,1)
0 1 7 7997 13108 43  (D 0,1,1) (S 235,287,386) (S 621,440,439) (S 619,439,440) (S 77,64,420) (S 1099,596,526) (S 944,571,541) (S 1078,588,586) (S 1075,586,587) (S 1076,587,586) (S 1081,588,586) (S 1077,586,588) (S 942,542,541) (S 939,541,492) (S 757,492,541) (S 946,541,542) (S 1104,571,597) (S 1110,597,598) (S 1106,598,597) (S 1103,597,571) (S 1040,597,571) (S 1039,571,597) (S 994,598,557) (S 996,557,558) (S 995,558,557) (S 1156,618,619) (S 1172,619,625) (S 1158,625,619) (S 1155,619,618) (S 1186,146,632) (S 991,557,558) (S 992,558,557) (S 1153,618,619) (S 1171,625,619) (S 1157,619,625) (S 1154,619,618) (S 1185,632,146) (S 904,530,529) (S 1178,627,628) (S 1176,628,627) (S 146,636,147) (S 143,146,632) (D 0,1,1)
0 1 8 7976 12533 44  (D 0,1,1) (S 686,466,467) (S 685,467,466) (S 684,467,466) (S 683,466,467) (S 64,415,41) (S 549,416,39) (S 319,346,411) (S 320,411,346) (S 322,346,347) (S 1194,147,636) (S 838,529,511) (S 837,511,529) (S 909,530,531) (S 910,531,530) (S 1162,626,620) (S 1159,620,621) (S 1160,621,620) (S 1173,626,620) (S 1161,620,626) (S 250,521,298) (S 251,298,523) (S 252,523,298) (S 879,522,523) (S 883,523,298) (S 884,298,523) (S 880,523,522) (S 1095,594,522) (S 886,522,523) (S 885,523,522) (S 1096,522,594) (S 882,594,522) (S 881,522,594) (S 876,298,521) (S 900,521,528) (S 899,528,521) (S 878,528,521) (S 877,521,528) (S 875,521,298) (S 249,298,521) (S 907,530,529) (S 1187,633,150) (S 147,150,633) (D 0,1,1)
0 1 9 7932 10864 49  (D 0,1,1) (S 38,417,27) (S 664,457,456) (S 335,350,349) (S 333,349,419) (S 334,419,349) (S 562,349,419) (S 561,419,349) (S 336,349,350) (S 639,447,410) (S 671,460,442) (S 629,442,460) (S 625,442,281) (S 626,281,442) (S 227,281,358) (S 365,358,410) (S 366,410,358) (S 23,19,20) (S 393,367,340) (S 438,377,378) (S 437,378,377) (S 440,380,379) (S 9,8,366) (S 306,345,344) (S 305,344,345) (S 389,366,344) (S 408,344,370) (S 415,372,436) (S 416,436,372) (S 614,372,436) (S 613,436,372) (S 419,373,374) (S 420,374,373) (S 475,391,373) (S 424,373,374) (S 423,374,373) (S 476,373,391) (S 422,391,373) (S 421,373,391) (S 417,373,372) (S 418,372,373) (S 414,373,372) (S 413,372,373) (S 411,371,370) (S 409,370,371) (S 59,40,402) (S 513,402,433) (S 461,386,387) (D 0,1,1)
