771
6
14173300
20673200
0 1 1 50 137 6  (D 0,1,1) (S 48,22,20) (S 47,20,22) (S 53,22,21) (S 52,21,22) (D 0,1,1)
0 1 2 50 129 6  (D 0,1,1) (S 57,21,22) (S 54,22,20) (S 55,20,22) (S 56,22,21) (D 0,1,1)
0 1 3 49 122 9  (D 0,1,1) (S 58,23,25) (S 59,25,23) (S 60,25,23) (S 61,23,25) (S 62,25,28) (S 63,28,26) (S 12,5,31) (D 0,1,1)
0 1 4 49 119 9  (D 0,1,1) (S 9,13,4) (S 39,4,13) (S 38,13,4) (S 8,4,13) (S 35,12,11) (S 29,11,6) (S 13,6,11) (D 0,1,1)
0 1 5 50 121 9  (D 0,1,1) (S 19,8,12) (S 36,12,13) (S 18,9,8) (S 22,3,9) (S 7,9,3) (S 5,3,2) (S 3,1,31) (D 0,1,1)
0 1 6 50 143 9  (D 0,1,1) (S 43,19,18) (S 45,21,19) (S 51,19,21) (S 50,21,19) (S 46,19,22) (S 44,19,21) (S 49,21,18) (D 0,1,1)
