324
6
0
0
0 1 1 24 57 7
(D 0,1,1) (S 2,1,6) (S 20,6,4) (S 26,8,7) (S 25,7,8) (S 14,4,7) (D 0,1,1)
0 1 2 19 57 7
(D 0,1,1) (S 6,2,7) (S 28,5,8) (S 12,4,6) (S 22,6,7) (S 15,7,4) (D 0,1,1)
0 1 3 23 49 7
(D 0,1,1) (S 7,2,8) (S 19,8,5) (S 17,5,6) (S 13,6,4) (S 1,1,3) (D 0,1,1)
0 1 4 19 53 7
(D 0,1,1) (S 9,3,7) (S 23,7,4) (S 8,3,4) (S 21,4,6) (S 5,2,6) (D 0,1,1)
0 1 5 20 63 8
(D 0,1,1) (S 10,3,8) (S 27,8,5) (S 18,5,8) (S 11,4,5) (S 4,2,4) (S 24,4,7) (D 0,1,1)
0 1 6 20 45 6
(D 0,1,1) (S 29,8,7) (S 30,7,8) (S 16,4,8) (S 3,1,7) (D 0,1,1)
