940
6
5164600
9524200
0 1 1 45 118 10  (D 0,1,1) (S 1,1,4) (S 14,4,1) (S 5,1,11) (S 32,11,12) (S 36,12,17) (S 38,17,18) (S 39,18,19) (S 40,19,20) (D 0,1,1)
0 1 2 46 163 11  (D 0,1,1) (S 16,4,11) (S 33,11,16) (S 37,16,17) (S 45,21,22) (S 11,22,2) (S 8,2,5) (S 9,5,2) (S 6,2,1) (S 3,1,8) (D 0,1,1)
0 1 3 42 167 9  (D 0,1,1) (S 22,7,4) (S 4,1,9) (S 50,21,22) (S 46,22,21) (S 41,20,21) (S 43,21,20) (S 13,3,21) (D 0,1,1)
0 1 4 45 182 13  (D 0,1,1) (S 24,7,13) (S 10,2,22) (S 47,22,2) (S 18,2,5) (S 17,5,2) (S 7,2,4) (S 2,4,1) (S 23,7,5) (S 20,5,14) (S 19,5,6) (S 21,6,15) (D 0,1,1)
0 1 5 48 183 11  (D 0,1,1) (S 35,10,12) (S 34,12,10) (S 27,10,9) (S 25,9,10) (S 26,10,9) (S 28,9,10) (S 29,10,12) (S 30,12,10) (S 31,10,18) (D 0,1,1)
0 1 6 41 127 8  (D 0,1,1) (S 48,2,22) (S 49,22,21) (S 42,21,20) (S 44,20,21) (S 12,3,9) (S 15,1,4) (D 0,1,1)
