956
10
0
0
0 1 1 44 80 6
(D 0,1,1) (S 1,1,11) (S 10,11,6) (S 19,6,11) (S 5,2,4) (D 0,1,1)
0 1 2 43 93 6
(D 0,1,1) (S 3,1,20) (S 4,20,1) (S 2,1,19) (S 43,20,15) (D 0,1,1)
0 1 3 43 102 6
(D 0,1,1) (S 11,6,12) (S 12,12,6) (S 8,6,5) (S 14,9,19) (D 0,1,1)
0 1 4 44 111 9
(D 0,1,1) (S 13,8,14) (S 39,18,14) (S 31,14,18) (S 32,18,14) (S 40,14,18) (S 24,16,12) (S 25,12,17) (D 0,1,1)
0 1 5 17 53 5
(D 0,1,1) (S 16,10,3) (S 17,3,10) (S 15,10,2) (D 0,1,1)
0 1 6 45 106 7
(D 0,1,1) (S 18,11,6) (S 23,12,16) (S 35,16,12) (S 22,12,11) (S 44,20,21) (D 0,1,1)
0 1 7 44 86 5
(D 0,1,1) (S 21,6,12) (S 20,12,6) (S 9,6,11) (D 0,1,1)
0 1 8 43 105 8
(D 0,1,1) (S 30,13,14) (S 29,14,13) (S 26,13,14) (S 27,14,13) (S 28,13,17) (S 38,16,17) (D 0,1,1)
0 1 9 45 118 11
(D 0,1,1) (S 36,12,16) (S 37,16,15) (S 34,15,21) (S 48,24,21) (S 45,21,24) (S 47,24,23) (S 46,23,24) (S 49,24,23) (S 50,23,24) (D 0,1,1)
0 1 10 44 102 7
(D 0,1,1) (S 42,1,20) (S 33,15,20) (S 41,20,1) (S 6,3,10) (S 7,10,3) (D 0,1,1)
