851
4
0
0
0 1 1 95 175 14
(D 0,1,1) (S 1,1,20) (S 49,20,19) (S 43,19,1) (S 26,2,10) (S 44,19,9) (S 23,9,1) (S 15,5,11) (S 16,11,5) (S 4,2,10) (S 25,10,2) (S 13,5,4) (S 14,4,5) (D 0,1,1)
0 1 2 113 229 19
(D 0,1,1) (S 38,16,17) (S 39,17,12) (S 29,12,16) (S 40,17,13) (S 31,13,17) (S 32,17,13) (S 41,13,17) (S 33,14,8) (S 22,8,14) (S 30,13,7) (S 21,6,7) (S 20,7,6) (S 18,6,7) (S 19,7,6) (S 17,6,5) (S 3,2,5) (S 11,5,4) (D 0,1,1)
0 1 3 111 238 17
(D 0,1,1) (S 46,20,1) (S 42,17,16) (S 36,16,12) (S 37,16,15) (S 34,15,20) (S 35,15,21) (S 56,21,24) (S 55,24,21) (S 50,21,24) (S 51,24,21) (S 52,22,23) (S 53,23,21) (S 54,23,22) (S 45,19,20) (S 24,9,3) (D 0,1,1)
0 1 4 114 209 14
(D 0,1,1) (S 47,1,20) (S 2,20,1) (S 28,5,11) (S 27,11,5) (S 5,10,2) (S 8,4,3) (S 6,3,4) (S 7,4,3) (S 9,3,4) (S 10,4,5) (S 12,5,1) (S 48,20,15) (D 0,1,1)
