447
7
14119500
16788900
0 1 1 27 62 7  (D 0,1,1) (S 6,1,6) (S 40,6,8) (S 41,8,6) (S 42,6,9) (S 30,4,9) (D 0,1,1)
0 1 2 27 44 6  (D 0,1,1) (S 20,2,11) (S 10,11,1) (S 12,1,2) (S 15,2,7) (D 0,1,1)
0 1 3 27 70 8  (D 0,1,1) (S 32,4,11) (S 23,3,8) (S 51,8,9) (S 46,7,11) (S 3,1,3) (S 22,3,6) (D 0,1,1)
0 1 4 27 68 7  (D 0,1,1) (S 33,5,6) (S 50,6,8) (S 49,8,6) (S 43,6,10) (S 60,9,10) (D 0,1,1)
0 1 5 27 64 7  (D 0,1,1) (S 16,2,9) (S 58,9,8) (S 53,8,11) (S 37,8,5) (S 36,5,8) (D 0,1,1)
0 1 6 27 79 8  (D 0,1,1) (S 19,10,2) (S 61,10,2) (S 62,2,10) (S 63,10,11) (S 28,4,6) (S 34,5,7) (D 0,1,1)
0 1 7 26 60 8  (D 0,1,1) (S 14,2,6) (S 39,6,7) (S 44,7,5) (S 38,5,9) (S 56,9,3) (S 26,3,11) (D 0,1,1)
