505
9
10369500
16546900
0 1 1 27 39 7  (D 0,1,1) (S 1,1,3) (S 13,3,10) (S 5,1,10) (S 4,1,8) (S 35,8,5) (D 0,1,1)
0 1 2 25 56 7  (D 0,1,1) (S 11,3,4) (S 19,4,11) (S 16,7,4) (S 14,4,5) (S 22,5,8) (D 0,1,1)
0 1 3 26 54 7  (D 0,1,1) (S 12,3,7) (S 30,7,5) (S 31,5,7) (S 17,4,9) (S 34,7,10) (D 0,1,1)
0 1 4 26 65 6  (D 0,1,1) (S 25,5,11) (S 8,2,5) (S 20,5,7) (S 10,2,11) (D 0,1,1)
0 1 5 26 60 7  (D 0,1,1) (S 32,7,9) (S 33,9,7) (S 21,7,5) (S 24,5,10) (S 3,1,7) (D 0,1,1)
0 1 6 26 67 7  (D 0,1,1) (S 37,8,6) (S 38,6,8) (S 27,8,6) (S 26,6,8) (S 23,8,5) (D 0,1,1)
0 1 7 26 66 7  (D 0,1,1) (S 41,9,7) (S 28,7,4) (S 15,4,7) (S 7,2,3) (S 6,1,11) (D 0,1,1)
0 1 8 27 60 8  (D 0,1,1) (S 42,7,9) (S 39,9,4) (S 29,4,7) (S 9,2,9) (S 18,9,4) (S 40,4,9) (D 0,1,1)
0 1 9 16 38 5  (D 0,1,1) (S 43,9,10) (S 2,1,6) (S 36,5,8) (D 0,1,1)
