19596
7
10489600
15425400
0 1 1 1702 2703 11  (D 0,1,1) (S 1,1,2) (S 8,9,14) (S 17,14,20) (S 30,20,28) (S 47,28,29) (S 48,29,28) (S 44,28,27) (S 28,27,19) (S 42,19,27) (D 0,1,1)
0 1 2 1866 3083 10  (D 0,1,1) (S 2,3,4) (S 12,11,10) (S 18,16,10) (S 19,16,17) (S 23,18,12) (S 14,12,11) (S 11,11,5) (S 7,9,8) (D 0,1,1)
0 1 3 1812 3199 12  (D 0,1,1) (S 5,7,13) (S 31,21,20) (S 29,20,19) (S 27,19,27) (S 46,27,28) (S 43,27,28) (S 50,28,29) (S 49,29,28) (S 45,28,27) (S 41,27,19) (D 0,1,1)
0 1 4 1460 2637 8  (D 0,1,1) (S 13,11,12) (S 9,10,4) (S 3,6,12) (S 10,10,16) (S 4,7,1) (S 6,8,7) (D 0,1,1)
0 1 5 1730 2901 10  (D 0,1,1) (S 15,13,14) (S 16,14,15) (S 20,16,22) (S 33,22,29) (S 51,29,30) (S 52,30,26) (S 39,26,22) (S 40,26,31) (D 0,1,1)
0 1 6 1017 1913 7  (D 0,1,1) (S 26,18,25) (S 37,24,23) (S 34,23,22) (S 32,22,23) (S 35,23,26) (D 0,1,1)
0 1 7 1850 3160 10  (D 0,1,1) (S 53,30,31) (S 54,31,32) (S 38,25,24) (S 36,24,17) (S 21,17,18) (S 22,18,17) (S 24,18,17) (S 25,17,18) (D 0,1,1)
