1783
6
44884900
50150500
0 1 1 129 299 14  (D 0,1,1) (S 19,8,2) (S 58,16,23) (S 97,34,28) (S 96,28,34) (S 87,34,24) (S 86,24,34) (S 105,34,24) (S 106,24,34) (S 107,34,28) (S 103,33,32) (S 93,27,32) (S 82,23,22) (D 0,1,1)
0 1 2 128 300 15  (D 0,1,1) (S 64,12,18) (S 61,18,6) (S 62,6,18) (S 66,18,29) (S 98,30,25) (S 100,31,26) (S 102,32,27) (S 90,27,21) (S 91,21,27) (S 76,27,21) (S 75,21,27) (S 54,15,16) (S 57,16,15) (D 0,1,1)
0 1 3 114 253 19  (D 0,1,1) (S 1,1,2) (S 5,3,9) (S 10,10,4) (S 8,4,3) (S 26,10,9) (S 21,9,8) (S 53,15,14) (S 46,14,13) (S 45,13,14) (S 50,14,15) (S 20,8,9) (S 25,9,10) (S 59,17,11) (S 39,11,24) (S 85,24,23) (S 94,28,22) (S 83,22,23) (D 0,1,1)
0 1 4 120 307 19  (D 0,1,1) (S 16,18,6) (S 15,6,18) (S 65,18,19) (S 70,19,25) (S 88,25,26) (S 89,25,30) (S 99,30,31) (S 101,31,32) (S 92,27,28) (S 108,28,34) (S 104,33,34) (S 95,28,23) (S 84,23,28) (S 77,22,15) (S 74,21,22) (S 81,22,28) (S 79,22,23) (D 0,1,1)
0 1 5 130 289 21  (D 0,1,1) (S 3,2,3) (S 7,10,3) (S 28,3,10) (S 31,10,9) (S 23,9,8) (S 71,20,14) (S 52,15,9) (S 22,9,3) (S 35,10,16) (S 6,3,10) (S 27,10,3) (S 29,10,4) (S 9,4,10) (S 33,10,11) (S 36,11,4) (S 30,4,10) (S 38,10,11) (S 37,11,10) (S 80,23,22) (D 0,1,1)
0 1 6 129 335 21  (D 0,1,1) (S 11,4,11) (S 34,11,10) (S 78,22,21) (S 73,21,15) (S 55,15,21) (S 48,14,13) (S 47,13,19) (S 42,12,18) (S 43,18,12) (S 68,19,18) (S 63,18,12) (S 69,19,20) (S 72,20,19) (S 41,12,13) (S 12,6,1) (S 2,1,7) (S 18,7,13) (S 44,13,2) (S 56,16,10) (D 0,1,1)
