977
7
30411300
53918900
0 1 1 64 124 8  (D 0,1,1) (S 86,36,35) (S 80,35,36) (S 84,36,29) (S 61,29,36) (S 9,36,2) (S 18,8,9) (D 0,1,1)
0 1 2 65 151 10  (D 0,1,1) (S 8,2,36) (S 12,5,4) (S 89,37,30) (S 60,30,29) (S 64,29,30) (S 65,30,31) (S 16,7,13) (S 62,36,29) (D 0,1,1)
0 1 3 65 155 11  (D 0,1,1) (S 14,6,1) (S 19,8,40) (S 56,27,34) (S 75,34,33) (S 72,34,33) (S 71,33,34) (S 1,1,6) (S 24,12,11) (S 26,7,13) (D 0,1,1)
0 1 4 63 125 11  (D 0,1,1) (S 3,1,11) (S 28,15,14) (S 27,14,15) (S 30,15,14) (S 31,14,15) (S 32,15,16) (S 23,16,11) (S 22,11,16) (S 6,1,40) (D 0,1,1)
0 1 5 63 134 11  (D 0,1,1) (S 70,33,26) (S 55,26,33) (S 76,33,34) (S 73,34,27) (S 74,27,34) (S 77,34,35) (S 5,35,1) (S 21,11,12) (S 17,13,7) (D 0,1,1)
0 1 6 65 157 14  (D 0,1,1) (S 38,18,19) (S 39,19,18) (S 50,25,24) (S 54,24,25) (S 53,25,24) (S 49,24,25) (S 51,25,22) (S 46,22,25) (S 37,18,13) (S 25,13,7) (S 88,37,3) (S 44,21,22) (D 0,1,1)
0 1 7 65 131 13  (D 0,1,1) (S 10,3,4) (S 91,38,39) (S 69,39,32) (S 94,32,39) (S 93,39,32) (S 68,32,39) (S 92,39,5) (S 13,5,39) (S 67,32,31) (S 66,31,37) (S 90,37,38) (D 0,1,1)
