1522
5
0
0
0 1 1 156 323 18
(D 0,1,1) (S 7,3,10) (S 26,10,3) (S 27,3,10) (S 28,10,9) (S 30,4,11) (S 29,11,4) (S 10,5,4) (S 11,4,11) (S 12,11,4) (S 9,4,5) (S 13,5,4) (S 14,4,5) (S 31,11,10) (S 8,10,3) (S 6,3,9) (S 37,14,8) (D 0,1,1)
0 1 2 154 325 23
(D 0,1,1) (S 17,6,18) (S 50,18,6) (S 3,7,1) (S 20,1,7) (S 35,7,13) (S 36,13,14) (S 24,8,2) (S 4,2,8) (S 25,8,9) (S 32,11,17) (S 47,16,23) (S 64,23,22) (S 76,23,28) (S 90,28,33) (S 89,33,28) (S 67,28,23) (S 66,23,28) (S 80,28,34) (S 81,34,28) (S 73,28,22) (S 60,22,23) (D 0,1,1)
0 1 3 161 313 23
(D 0,1,1) (S 39,14,20) (S 56,20,21) (S 74,22,28) (S 78,28,33) (S 79,33,28) (S 63,28,22) (S 59,22,21) (S 58,15,21) (S 57,21,15) (S 46,15,16) (S 45,16,15) (S 40,15,16) (S 41,16,15) (S 42,15,21) (S 43,21,15) (S 44,15,22) (S 62,22,28) (S 77,28,27) (S 72,27,32) (S 88,32,31) (S 87,31,32) (D 0,1,1)
0 1 4 142 280 21
(D 0,1,1) (S 51,6,18) (S 52,18,12) (S 71,19,25) (S 70,25,19) (S 54,19,25) (S 55,25,19) (S 53,19,12) (S 86,29,30) (S 85,30,29) (S 83,29,30) (S 84,30,29) (S 82,29,18) (S 18,18,6) (S 2,1,7) (S 22,7,13) (S 34,13,7) (S 21,7,6) (S 16,6,7) (S 1,1,6) (D 0,1,1)
0 1 5 133 281 21
(D 0,1,1) (S 95,34,33) (S 94,28,34) (S 91,33,34) (S 92,34,33) (S 96,33,34) (S 93,34,28) (S 75,28,23) (S 68,24,17) (S 48,17,24) (S 49,24,17) (S 69,17,24) (S 61,23,22) (S 65,22,23) (S 38,14,13) (S 33,13,2) (S 5,2,13) (S 23,13,7) (S 19,7,1) (S 15,6,1) (D 0,1,1)
