1397
4
0
0
0 1 1 189 393 22
(D 0,1,1) (S 14,7,1) (S 29,4,11) (S 28,11,4) (S 7,5,4) (S 8,4,11) (S 9,11,4) (S 6,4,5) (S 10,5,4) (S 11,4,5) (S 12,5,11) (S 26,9,10) (S 23,10,9) (S 22,9,10) (S 20,9,8) (S 17,8,9) (S 18,9,8) (S 16,8,2) (S 4,2,1) (S 15,1,7) (S 1,1,6) (D 0,1,1)
0 1 2 122 243 18
(D 0,1,1) (S 36,13,14) (S 35,14,13) (S 33,13,14) (S 34,14,13) (S 32,13,2) (S 5,2,8) (S 37,14,20) (S 59,20,21) (S 51,19,25) (S 49,19,20) (S 50,20,19) (S 47,19,12) (S 30,12,6) (S 2,1,7) (S 3,7,1) (S 13,6,1) (D 0,1,1)
0 1 3 122 270 24
(D 0,1,1) (S 41,16,17) (S 42,17,16) (S 39,16,10) (S 27,10,16) (S 44,16,17) (S 43,17,16) (S 40,16,15) (S 38,15,21) (S 60,21,22) (S 61,22,21) (S 56,21,20) (S 55,20,21) (S 65,22,28) (S 81,28,33) (S 85,33,28) (S 86,28,33) (S 87,34,24) (S 69,24,23) (S 66,23,22) (S 64,22,23) (S 68,23,28) (S 88,34,33) (D 0,1,1)
0 1 4 217 491 32
(D 0,1,1) (S 46,18,29) (S 84,30,29) (S 83,30,25) (S 71,25,26) (S 72,26,20) (S 53,20,19) (S 48,19,18) (S 31,12,18) (S 45,18,12) (S 54,19,20) (S 52,20,14) (S 21,8,9) (S 19,9,3) (S 25,10,9) (S 24,9,15) (S 63,21,22) (S 62,22,21) (S 58,21,20) (S 57,20,26) (S 74,26,31) (S 80,27,28) (S 78,28,23) (S 67,23,24) (S 70,24,34) (S 82,33,28) (S 79,28,27) (S 76,27,28) (S 77,28,27) (S 75,27,26) (S 73,26,27) (D 0,1,1)
