18210
6
148891700
190795700
0 1 1 1558 3293 12  (D 0,1,1) (S 16,10,1) (S 2,2,1) (S 61,28,38) (S 83,38,39) (S 111,50,55) (S 148,67,66) (S 104,48,47) (S 102,47,48) (S 53,25,24) (S 108,49,40) (D 0,1,1)
0 1 2 1573 2829 10  (D 0,1,1) (S 27,15,16) (S 50,24,33) (S 69,33,32) (S 89,41,32) (S 31,17,8) (S 6,5,4) (S 5,4,13) (S 23,13,14) (D 0,1,1)
0 1 3 1569 3053 10  (D 0,1,1) (S 56,26,35) (S 77,36,27) (S 134,61,60) (S 57,27,11) (S 88,39,49) (S 140,64,63) (S 138,63,62) (S 62,28,39) (D 0,1,1)
0 1 4 1573 2978 11  (D 0,1,1) (S 60,28,29) (S 65,29,30) (S 125,56,51) (S 116,52,51) (S 118,53,43) (S 94,43,53) (S 130,58,68) (S 129,58,57) (S 29,16,17) (D 0,1,1)
0 1 5 1571 3091 11  (D 0,1,1) (S 74,35,26) (S 81,37,27) (S 59,27,37) (S 80,36,44) (S 133,60,59) (S 79,36,37) (S 82,37,36) (S 54,26,10) (S 132,60,45) (D 0,1,1)
0 1 6 1554 2966 11  (D 0,1,1) (S 21,13,4) (S 8,5,14) (S 47,24,23) (S 44,23,32) (S 38,20,21) (S 43,22,31) (S 40,21,14) (S 26,15,14) (S 41,21,22) (D 0,1,1)
