432
8
0
0
0 1 1 25 48 7
(D 0,1,1) (S 1,1,4) (S 24,5,11) (S 18,11,4) (S 2,1,7) (S 34,7,10) (D 0,1,1)
0 1 2 26 63 8
(D 0,1,1) (S 16,4,5) (S 19,5,3) (S 15,3,11) (S 5,11,1) (S 8,3,4) (S 7,2,7) (D 0,1,1)
0 1 3 27 50 7
(D 0,1,1) (S 17,4,11) (S 39,11,1) (S 9,3,5) (S 21,5,7) (S 3,7,1) (D 0,1,1)
0 1 4 26 65 8
(D 0,1,1) (S 23,5,10) (S 28,10,6) (S 25,6,8) (S 10,5,3) (S 14,3,10) (S 20,3,5) (D 0,1,1)
0 1 5 22 69 8
(D 0,1,1) (S 27,6,10) (S 13,3,9) (S 36,9,10) (S 37,10,6) (S 26,6,9) (S 30,1,7) (D 0,1,1)
0 1 6 23 68 9
(D 0,1,1) (S 35,8,9) (S 4,1,11) (S 12,7,3) (S 38,6,10) (S 32,3,7) (S 33,7,9) (S 22,5,8) (D 0,1,1)
0 1 7 8 21 4
(D 0,1,1) (S 40,1,11) (S 29,7,1) (D 0,1,1)
0 1 8 27 48 7
(D 0,1,1) (S 42,4,11) (S 41,11,4) (S 6,2,3) (S 11,3,7) (S 31,7,3) (D 0,1,1)
