908
7
2631000
3846500
0 1 1 30 212 8  (D 0,1,1) (S 4,2,6) (S 15,8,12) (S 21,12,13) (S 20,13,11) (S 23,11,13) (S 14,8,9) (D 0,1,1)
0 1 2 32 67 4  (D 0,1,1) (S 5,2,7) (S 6,7,2) (D 0,1,1)
0 1 3 35 228 7  (D 0,1,1) (S 7,4,11) (S 19,11,13) (S 22,13,11) (S 9,10,6) (S 13,7,9) (D 0,1,1)
0 1 4 32 125 5  (D 0,1,1) (S 8,6,10) (S 16,10,6) (S 10,6,12) (D 0,1,1)
0 1 5 35 77 5  (D 0,1,1) (S 11,7,2) (S 2,1,3) (S 1,1,2) (D 0,1,1)
0 1 6 31 86 4  (D 0,1,1) (S 12,2,7) (S 3,1,4) (D 0,1,1)
0 1 7 28 113 4  (D 0,1,1) (S 17,6,10) (S 18,10,11) (D 0,1,1)
