740
14
0
0
0 1 1 18 22 5
(D 0,1,1) (S 1,1,2) (S 13,2,1) (S 9,1,8) (D 0,1,1)
0 1 2 22 65 8
(D 0,1,1) (S 15,2,3) (S 28,3,7) (S 63,5,9) (S 52,9,6) (S 53,6,10) (S 35,4,5) (D 0,1,1)
0 1 3 26 51 7
(D 0,1,1) (S 17,2,4) (S 33,4,1) (S 41,4,11) (S 31,3,10) (S 42,5,4) (D 0,1,1)
0 1 4 20 47 6
(D 0,1,1) (S 18,2,5) (S 26,3,4) (S 5,4,1) (S 58,1,8) (D 0,1,1)
0 1 5 24 51 7
(D 0,1,1) (S 19,2,6) (S 37,4,7) (S 56,7,9) (S 64,9,6) (S 54,6,11) (D 0,1,1)
0 1 6 27 61 8
(D 0,1,1) (S 20,2,7) (S 7,1,6) (S 60,6,8) (S 61,8,11) (S 55,11,6) (S 67,6,11) (D 0,1,1)
0 1 7 26 50 7
(D 0,1,1) (S 21,2,8) (S 10,8,1) (S 12,1,11) (S 4,1,4) (S 43,4,5) (D 0,1,1)
0 1 8 27 62 7
(D 0,1,1) (S 22,2,10) (S 29,3,8) (S 50,8,6) (S 51,6,9) (S 34,1,4) (D 0,1,1)
0 1 9 23 59 8
(D 0,1,1) (S 23,2,11) (S 6,1,5) (S 27,3,5) (S 47,5,11) (S 66,11,6) (S 39,4,9) (D 0,1,1)
0 1 10 27 68 7
(D 0,1,1) (S 25,2,3) (S 30,3,9) (S 62,9,5) (S 3,1,3) (S 24,3,2) (D 0,1,1)
0 1 11 21 44 6
(D 0,1,1) (S 38,4,8) (S 57,8,1) (S 14,1,2) (S 11,1,10) (D 0,1,1)
0 1 12 20 46 6
(D 0,1,1) (S 40,4,10) (S 44,5,8) (S 8,1,7) (S 36,5,4) (D 0,1,1)
0 1 13 24 48 6
(D 0,1,1) (S 49,6,8) (S 59,8,6) (S 48,6,7) (S 32,3,11) (D 0,1,1)
0 1 14 27 66 7
(D 0,1,1) (S 65,6,9) (S 46,9,5) (S 45,5,9) (S 16,3,2) (S 2,2,1) (D 0,1,1)
