1569
7
37307800
45827100
0 1 1 88 140 8  (D 0,1,1) (S 1,1,7) (S 10,8,2) (S 11,2,8) (S 4,8,2) (S 3,2,8) (S 2,2,1) (D 0,1,1)
0 1 2 52 129 11  (D 0,1,1) (S 12,8,9) (S 14,9,10) (S 21,11,12) (S 8,6,5) (S 6,5,11) (S 18,11,5) (S 5,4,3) (S 20,11,10) (S 17,10,15) (D 0,1,1)
0 1 3 120 268 23  (D 0,1,1) (S 28,16,19) (S 76,33,37) (S 95,37,41) (S 96,41,40) (S 83,37,41) (S 93,41,40) (S 97,40,41) (S 94,41,37) (S 82,37,36) (S 78,36,32) (S 73,32,26) (S 58,26,27) (S 57,27,26) (S 53,26,27) (S 55,27,21) (S 56,21,27) (S 36,20,19) (S 34,19,16) (S 27,16,15) (S 15,10,9) (S 13,9,3) (D 0,1,1)
0 1 4 130 310 22  (D 0,1,1) (S 43,23,29) (S 64,29,34) (S 90,38,39) (S 88,39,36) (S 79,36,39) (S 89,39,38) (S 86,38,39) (S 87,39,38) (S 85,38,34) (S 77,34,35) (S 91,39,40) (S 35,20,17) (S 33,17,18) (S 32,18,17) (S 30,17,18) (S 31,18,17) (S 29,17,11) (S 7,11,5) (S 19,5,11) (S 16,10,11) (D 0,1,1)
0 1 5 120 252 17  (D 0,1,1) (S 50,25,31) (S 68,31,25) (S 48,25,24) (S 42,24,23) (S 41,23,24) (S 44,24,23) (S 45,23,24) (S 46,24,30) (S 71,30,31) (S 67,31,30) (S 65,30,29) (S 63,29,23) (S 39,23,13) (S 22,13,7) (S 9,7,13) (D 0,1,1)
0 1 6 106 213 12  (D 0,1,1) (S 69,25,31) (S 70,31,30) (S 66,30,31) (S 51,31,25) (S 47,25,15) (S 26,15,14) (S 24,14,13) (S 23,13,23) (S 40,23,14) (S 25,14,15) (D 0,1,1)
0 1 7 115 257 18  (D 0,1,1) (S 72,31,32) (S 74,32,36) (S 80,36,40) (S 92,40,41) (S 84,41,37) (S 81,37,33) (S 75,33,27) (S 59,27,28) (S 60,28,27) (S 38,27,21) (S 37,21,27) (S 62,27,28) (S 61,28,27) (S 54,27,26) (S 52,26,25) (S 49,25,26) (D 0,1,1)
