1938
7
0
0
0 1 1 171 285 33
(D 0,1,1) (S 1,1,9) (S 51,14,15) (S 85,24,29) (S 93,29,24) (S 59,24,17) (S 55,17,10) (S 14,5,6) (S 63,12,19) (S 62,19,12) (S 36,12,11) (S 31,11,6) (S 19,6,11) (S 20,11,6) (S 32,6,11) (S 28,11,10) (S 25,10,5) (S 15,5,10) (S 16,10,5) (S 26,5,10) (S 27,10,11) (S 35,11,12) (S 37,12,11) (S 33,11,10) (S 29,10,17) (S 60,17,30) (S 96,30,29) (S 80,29,23) (S 49,15,1) (S 54,16,1) (S 23,1,9) (S 24,9,8) (D 0,1,1)
0 1 2 174 297 28
(D 0,1,1) (S 22,9,1) (S 56,10,17) (S 61,18,19) (S 103,31,32) (S 130,32,40) (S 163,40,47) (S 162,47,40) (S 129,40,32) (S 102,32,31) (S 100,31,39) (S 126,39,40) (S 131,40,39) (S 127,39,47) (S 128,47,39) (S 101,39,31) (S 98,31,32) (S 104,32,40) (S 132,40,47) (S 160,47,39) (S 124,39,31) (S 125,31,39) (S 90,36,28) (S 86,26,25) (S 64,20,21) (S 71,22,21) (S 65,21,13) (D 0,1,1)
0 1 3 172 315 26
(D 0,1,1) (S 70,14,22) (S 66,21,20) (S 69,22,14) (S 44,15,14) (S 45,14,22) (S 46,22,14) (S 43,14,15) (S 161,39,47) (S 133,47,40) (S 105,40,32) (S 99,32,31) (S 97,31,17) (S 30,17,10) (S 13,5,1) (S 3,1,15) (S 52,15,24) (S 81,24,15) (S 83,24,17) (S 57,17,18) (S 84,17,24) (S 58,17,24) (S 53,24,15) (S 82,15,24) (S 95,29,37) (D 0,1,1)
0 1 4 118 230 23
(D 0,1,1) (S 76,23,22) (S 68,22,13) (S 42,13,22) (S 41,13,8) (S 2,9,1) (S 34,10,11) (S 38,11,12) (S 39,12,19) (S 40,19,12) (S 12,4,7) (S 21,7,4) (S 18,3,6) (S 17,6,3) (S 8,3,6) (S 9,6,3) (S 11,3,4) (S 10,4,3) (S 6,3,4) (S 7,4,3) (S 5,3,2) (S 4,2,3) (D 0,1,1)
0 1 5 159 299 29
(D 0,1,1) (S 77,23,24) (S 172,46,50) (S 171,50,46) (S 158,46,50) (S 173,50,49) (S 155,45,50) (S 170,50,45) (S 154,45,49) (S 167,49,48) (S 169,49,50) (S 159,50,46) (S 156,46,38) (S 122,38,46) (S 123,46,38) (S 121,38,37) (S 150,44,43) (S 143,43,35) (S 108,34,33) (S 107,33,41) (S 140,41,42) (S 115,28,36) (S 112,35,36) (S 113,36,35) (S 117,35,36) (S 114,36,28) (S 87,28,22) (S 67,21,26) (D 0,1,1)
0 1 6 162 279 25
(D 0,1,1) (S 78,23,28) (S 116,36,35) (S 118,36,38) (S 157,38,46) (S 153,45,48) (S 164,48,49) (S 165,49,48) (S 168,48,49) (S 166,49,45) (S 152,45,44) (S 147,44,43) (S 142,43,42) (S 139,42,41) (S 135,41,42) (S 145,42,43) (S 151,43,44) (S 144,43,42) (S 141,42,43) (S 146,43,44) (S 120,44,37) (S 119,37,44) (S 148,44,37) (S 149,37,44) (D 0,1,1)
0 1 7 117 233 23
(D 0,1,1) (S 79,23,29) (S 91,29,23) (S 50,15,14) (S 47,14,23) (S 74,23,14) (S 73,22,28) (S 89,28,36) (S 111,35,34) (S 138,34,42) (S 137,42,34) (S 109,34,42) (S 110,42,34) (S 136,42,41) (S 134,41,33) (S 106,33,34) (S 72,22,23) (S 48,23,14) (S 75,14,23) (S 92,23,29) (S 94,29,28) (S 88,28,27) (D 0,1,1)
