1887
6
173335200
195283300
0 1 1 153 292 24  (D 0,1,1) (S 1,1,2) (S 6,2,3) (S 7,3,2) (S 4,2,1) (S 5,1,2) (S 2,2,1) (S 3,1,5) (S 10,5,18) (S 48,18,19) (S 51,19,20) (S 32,20,12) (S 29,12,6) (S 16,6,7) (S 13,7,6) (S 12,6,7) (S 11,6,5) (S 9,5,11) (S 27,11,5) (S 55,20,21) (S 58,21,22) (S 59,22,14) (S 36,14,13) (D 0,1,1)
0 1 2 189 356 38  (D 0,1,1) (S 15,7,6) (S 14,6,13) (S 33,13,6) (S 53,12,20) (S 54,20,19) (S 49,18,29) (S 70,26,19) (S 50,19,18) (S 100,34,40) (S 152,47,40) (S 124,40,47) (S 102,34,35) (S 126,35,41) (S 131,48,41) (S 132,41,49) (S 155,49,41) (S 128,41,42) (S 129,42,41) (S 106,41,35) (S 103,35,36) (S 109,36,35) (S 101,35,34) (S 97,34,33) (S 122,33,40) (S 121,40,33) (S 94,33,40) (S 95,40,33) (S 120,33,39) (S 118,39,29) (S 80,29,39) (S 119,39,33) (S 92,33,39) (S 93,39,33) (S 91,33,29) (S 79,29,26) (S 71,26,30) (D 0,1,1)
0 1 3 170 352 32  (D 0,1,1) (S 17,7,13) (S 35,13,14) (S 38,14,22) (S 61,22,23) (S 114,32,37) (S 151,43,45) (S 150,45,43) (S 139,43,45) (S 148,45,38) (S 116,38,45) (S 117,45,38) (S 149,38,45) (S 140,45,43) (S 141,43,50) (S 159,50,43) (S 138,43,42) (S 135,42,41) (S 125,41,35) (S 105,35,41) (S 130,41,48) (S 153,48,41) (S 136,41,42) (S 134,42,36) (S 107,36,27) (S 73,27,35) (S 110,35,36) (S 111,36,37) (S 90,37,32) (S 86,32,24) (S 64,24,25) (D 0,1,1)
0 1 4 131 287 24  (D 0,1,1) (S 41,15,16) (S 44,16,15) (S 39,15,9) (S 23,9,15) (S 40,15,14) (S 37,14,15) (S 67,17,25) (S 66,25,17) (S 46,17,25) (S 47,25,17) (S 45,17,10) (S 8,4,10) (S 26,10,9) (S 19,9,8) (S 18,8,9) (S 24,9,16) (S 25,16,9) (S 20,9,8) (S 21,8,9) (S 43,9,16) (S 42,16,9) (S 22,9,10) (D 0,1,1)
0 1 5 121 235 17  (D 0,1,1) (S 56,20,30) (S 74,27,36) (S 75,36,27) (S 72,27,31) (S 63,31,23) (S 62,23,31) (S 83,31,23) (S 84,23,31) (S 85,31,27) (S 108,27,36) (S 104,36,35) (S 99,35,34) (S 96,34,30) (S 81,30,27) (S 34,13,12) (D 0,1,1)
0 1 6 178 365 39  (D 0,1,1) (S 68,25,28) (S 69,28,25) (S 76,28,25) (S 77,25,28) (S 78,28,32) (S 89,32,37) (S 115,37,43) (S 160,43,50) (S 161,50,44) (S 144,44,49) (S 133,49,41) (S 127,41,40) (S 123,40,41) (S 98,34,35) (S 112,36,42) (S 162,44,50) (S 147,50,44) (S 143,44,42) (S 154,41,48) (S 156,41,49) (S 157,49,44) (S 158,44,49) (S 145,49,44) (S 146,44,50) (S 142,50,43) (S 137,43,37) (S 113,37,32) (S 87,32,28) (S 65,24,32) (S 88,32,31) (S 82,31,22) (S 60,22,21) (S 57,21,13) (S 28,11,12) (S 31,12,20) (S 52,20,12) (S 30,12,13) (D 0,1,1)
