1463
7
43328100
52003000
0 1 1 119 197 14  (D 0,1,1) (S 1,1,7) (S 22,7,1) (S 11,3,4) (S 62,19,22) (S 65,22,21) (S 59,21,22) (S 60,22,21) (S 58,21,19) (S 45,13,12) (S 37,12,11) (S 34,11,6) (S 17,5,31) (D 0,1,1)
0 1 2 118 199 16  (D 0,1,1) (S 24,7,6) (S 20,6,31) (S 79,28,26) (S 76,27,26) (S 84,29,31) (S 21,31,6) (S 18,6,7) (S 19,7,6) (S 88,6,31) (S 86,1,30) (S 85,30,1) (S 3,1,30) (S 4,30,1) (S 5,1,31) (D 0,1,1)
0 1 3 118 243 15  (D 0,1,1) (S 28,9,4) (S 44,4,13) (S 43,13,4) (S 13,4,13) (S 14,13,4) (S 12,4,3) (S 7,3,2) (S 8,2,8) (S 29,9,8) (S 27,8,7) (S 2,7,1) (S 23,1,7) (S 15,5,10) (D 0,1,1)
0 1 4 91 189 13  (D 0,1,1) (S 49,16,15) (S 46,14,15) (S 30,10,5) (S 48,10,16) (S 47,16,10) (S 32,10,16) (S 33,16,10) (S 16,10,5) (S 31,5,10) (S 87,31,6) (S 25,6,7) (D 0,1,1)
0 1 5 120 216 14  (D 0,1,1) (S 51,11,17) (S 50,17,11) (S 38,11,17) (S 39,17,11) (S 36,11,12) (S 40,12,8) (S 26,8,2) (S 6,2,3) (S 9,3,2) (S 10,2,3) (S 80,28,31) (S 89,31,28) (D 0,1,1)
0 1 6 119 243 16  (D 0,1,1) (S 52,18,21) (S 66,21,22) (S 61,22,19) (S 54,19,22) (S 63,22,20) (S 64,20,22) (S 57,22,20) (S 56,20,22) (S 55,22,19) (S 53,19,21) (S 42,11,12) (S 41,12,11) (S 35,11,10) (S 81,31,28) (D 0,1,1)
0 1 7 72 176 16  (D 0,1,1) (S 90,28,31) (S 78,28,25) (S 73,25,28) (S 77,27,29) (S 82,29,27) (S 70,24,27) (S 75,27,24) (S 83,29,28) (S 72,23,25) (S 71,25,23) (S 67,23,25) (S 68,25,23) (S 69,23,26) (S 74,26,23) (D 0,1,1)
