1505
7
0
0
0 1 1 133 223 23
(D 0,1,1) (S 10,2,3) (S 110,3,37) (S 109,37,3) (S 14,3,4) (S 116,4,38) (S 115,38,4) (S 23,4,5) (S 22,5,4) (S 18,4,5) (S 19,5,4) (S 17,4,3) (S 15,3,37) (S 86,30,31) (S 89,31,30) (S 88,30,37) (S 90,30,31) (S 91,31,32) (S 93,32,31) (S 87,31,30) (S 85,30,29) (S 84,29,36) (D 0,1,1)
0 1 2 89 165 20
(D 0,1,1) (S 12,2,36) (S 113,37,38) (S 117,38,37) (S 112,37,36) (S 108,36,37) (S 118,37,38) (S 120,39,32) (S 94,32,39) (S 119,39,5) (S 121,39,38) (S 21,38,4) (S 20,4,38) (S 114,38,37) (S 111,37,31) (S 92,31,37) (S 16,37,3) (S 13,3,2) (S 9,2,1) (D 0,1,1)
0 1 3 97 184 13
(D 0,1,1) (S 37,1,10) (S 36,10,1) (S 4,1,10) (S 5,10,1) (S 3,8,1) (S 31,1,8) (S 33,8,14) (S 49,14,8) (S 30,8,1) (S 34,8,40) (S 24,6,2) (D 0,1,1)
0 1 4 127 239 24
(D 0,1,1) (S 76,25,24) (S 71,24,21) (S 72,21,24) (S 66,24,21) (S 65,21,24) (S 64,21,22) (S 67,22,25) (S 75,25,22) (S 73,24,23) (S 74,23,24) (S 70,24,23) (S 69,23,24) (S 68,23,20) (S 63,20,17) (S 57,17,18) (S 58,18,17) (S 60,17,18) (S 59,18,17) (S 46,13,12) (S 27,12,6) (S 26,6,12) (S 43,12,11) (D 0,1,1)
0 1 5 128 186 16
(D 0,1,1) (S 103,1,35) (S 102,35,1) (S 7,1,35) (S 8,35,1) (S 6,1,11) (S 39,11,16) (S 53,16,11) (S 54,11,16) (S 55,16,15) (S 51,15,16) (S 40,16,11) (S 38,11,12) (S 41,12,6) (S 42,6,12) (D 0,1,1)
0 1 6 138 244 19
(D 0,1,1) (S 105,35,34) (S 99,34,26) (S 96,33,26) (S 78,26,33) (S 79,33,26) (S 77,26,27) (S 81,27,28) (S 11,2,6) (S 25,6,7) (S 62,13,19) (S 61,19,13) (S 44,13,7) (S 28,7,13) (S 47,13,19) (S 48,19,13) (S 29,13,7) (S 45,7,13) (D 0,1,1)
0 1 7 144 264 20
(D 0,1,1) (S 106,35,36) (S 107,36,35) (S 104,35,28) (S 100,34,27) (S 98,33,34) (S 80,26,34) (S 82,27,34) (S 83,34,27) (S 101,27,34) (S 97,26,33) (S 95,33,1) (S 2,1,8) (S 32,8,9) (S 35,9,15) (S 56,15,16) (S 52,16,15) (S 50,15,9) (S 1,1,2) (D 0,1,1)
