1986
10
0
0
0 1 1 99 174 19
(D 0,1,1) (S 1,1,5) (S 12,5,1) (S 49,15,1) (S 46,14,9) (S 48,14,23) (S 88,28,29) (S 92,30,29) (S 93,29,37) (S 136,37,38) (S 137,38,46) (S 138,46,38) (S 100,38,30) (S 95,30,17) (S 58,17,30) (S 97,30,29) (S 98,29,30) (S 134,30,38) (D 0,1,1)
0 1 2 92 162 13
(D 0,1,1) (S 14,5,6) (S 22,6,11) (S 38,11,6) (S 41,12,19) (S 107,19,32) (S 106,32,19) (S 64,19,32) (S 65,32,19) (S 63,19,12) (S 40,12,7) (S 39,11,10) (D 0,1,1)
0 1 3 104 164 15
(D 0,1,1) (S 16,5,10) (S 62,18,19) (S 61,18,17) (S 103,17,31) (S 102,31,17) (S 56,17,16) (S 54,16,17) (S 59,17,31) (S 60,31,17) (S 55,17,16) (S 57,16,17) (S 17,10,5) (S 13,5,2) (D 0,1,1)
0 1 4 91 151 17
(D 0,1,1) (S 19,5,6) (S 26,6,7) (S 25,7,6) (S 20,6,7) (S 23,7,4) (S 10,4,7) (S 11,7,4) (S 9,4,3) (S 7,3,4) (S 24,4,7) (S 21,7,6) (S 18,6,5) (S 8,3,6) (S 15,6,5) (S 6,2,5) (D 0,1,1)
0 1 5 140 230 24
(D 0,1,1) (S 50,15,23) (S 73,23,29) (S 75,24,29) (S 99,30,38) (S 161,38,46) (S 160,46,38) (S 130,38,37) (S 129,37,38) (S 135,38,37) (S 131,37,44) (S 156,44,37) (S 127,37,29) (S 91,29,30) (S 101,30,39) (S 163,39,47) (S 147,47,40) (S 110,40,32) (S 109,32,40) (S 165,40,47) (S 164,47,40) (S 144,40,32) (S 145,32,40) (D 0,1,1)
0 1 6 120 209 20
(D 0,1,1) (S 51,15,24) (S 89,28,36) (S 125,36,44) (S 126,44,36) (S 123,36,35) (S 122,35,36) (S 155,36,44) (S 132,44,37) (S 94,37,29) (S 90,29,24) (S 72,23,22) (S 69,22,13) (S 44,13,22) (S 42,13,9) (S 3,9,1) (S 31,1,9) (S 35,14,9) (S 47,9,14) (D 0,1,1)
0 1 7 131 215 17
(D 0,1,1) (S 53,1,16) (S 52,16,1) (S 4,1,16) (S 5,16,1) (S 2,1,9) (S 32,9,8) (S 27,8,9) (S 28,9,8) (S 29,8,13) (S 70,13,22) (S 45,22,13) (S 43,13,21) (S 33,8,9) (S 30,9,1) (S 34,9,14) (D 0,1,1)
0 1 8 139 252 28
(D 0,1,1) (S 86,27,35) (S 87,35,27) (S 80,26,25) (S 78,25,33) (S 115,33,41) (S 116,41,33) (S 111,33,25) (S 76,25,26) (S 77,26,25) (S 81,25,26) (S 82,26,27) (S 84,27,26) (S 112,25,33) (S 118,33,34) (S 117,34,33) (S 149,33,41) (S 148,41,33) (S 113,33,34) (S 114,34,33) (S 150,41,42) (S 151,43,35) (S 79,33,25) (S 67,20,25) (S 66,20,21) (S 68,21,22) (S 85,27,28) (D 0,1,1)
0 1 9 140 257 27
(D 0,1,1) (S 121,27,35) (S 120,35,27) (S 83,26,34) (S 119,34,42) (S 152,43,42) (S 153,43,44) (S 154,44,36) (S 124,36,38) (S 128,29,37) (S 157,37,44) (S 174,50,49) (S 169,49,48) (S 166,48,49) (S 167,49,48) (S 170,48,49) (S 168,49,45) (S 158,45,49) (S 171,49,50) (S 172,50,45) (S 159,45,50) (S 173,50,46) (S 133,38,30) (S 96,30,24) (S 74,24,23) (S 71,23,14) (D 0,1,1)
0 1 10 95 172 14
(D 0,1,1) (S 140,31,39) (S 142,39,47) (S 143,47,39) (S 105,39,31) (S 104,31,39) (S 141,39,40) (S 146,40,47) (S 162,47,39) (S 139,39,31) (S 108,32,31) (S 36,10,5) (S 37,5,10) (D 0,1,1)
