304
6
0
0
0 1 1 24 32 6
(D 0,1,1) (S 7,2,7) (S 26,7,2) (S 9,2,8) (S 1,1,2) (D 0,1,1)
0 1 2 35 64 8
(D 0,1,1) (S 18,5,6) (S 16,6,4) (S 14,4,5) (S 19,5,7) (S 5,7,1) (S 11,3,4) (D 0,1,1)
0 1 3 37 54 7
(D 0,1,1) (S 20,5,8) (S 28,8,2) (S 4,1,7) (S 24,7,1) (S 25,1,7) (D 0,1,1)
0 1 4 27 47 6
(D 0,1,1) (S 22,4,6) (S 23,6,8) (S 10,8,2) (S 3,1,5) (D 0,1,1)
0 1 5 31 53 7
(D 0,1,1) (S 27,2,7) (S 15,4,6) (S 21,6,4) (S 17,4,8) (S 2,1,4) (D 0,1,1)
0 1 6 34 54 7
(D 0,1,1) (S 29,2,8) (S 12,3,6) (S 13,3,7) (S 8,7,2) (S 6,2,6) (D 0,1,1)
