460
8
7048900
10262700
0 1 1 27 46 7  (D 0,1,1) (S 1,1,3) (S 2,1,4) (S 21,4,11) (S 11,2,5) (S 22,5,8) (D 0,1,1)
0 1 2 27 60 10  (D 0,1,1) (S 12,3,5) (S 45,5,10) (S 30,10,6) (S 28,6,9) (S 4,1,7) (S 33,7,3) (S 16,3,10) (S 48,10,7) (D 0,1,1)
0 1 3 23 56 10  (D 0,1,1) (S 13,3,7) (S 35,7,9) (S 20,4,10) (S 37,10,7) (S 32,1,7) (S 36,7,10) (S 34,3,7) (S 49,7,10) (D 0,1,1)
0 1 4 27 73 9  (D 0,1,1) (S 15,3,9) (S 41,9,8) (S 23,8,5) (S 6,1,8) (S 40,8,9) (S 42,9,8) (S 38,8,5) (D 0,1,1)
0 1 5 27 55 7  (D 0,1,1) (S 17,3,11) (S 10,2,4) (S 19,4,7) (S 5,7,1) (S 7,1,9) (D 0,1,1)
0 1 6 26 63 7  (D 0,1,1) (S 24,5,10) (S 25,10,5) (S 26,5,11) (S 9,2,3) (S 3,1,5) (D 0,1,1)
0 1 7 27 62 8  (D 0,1,1) (S 43,8,9) (S 18,4,6) (S 27,6,7) (S 14,7,3) (S 8,1,11) (S 31,7,1) (D 0,1,1)
0 1 8 12 45 7  (D 0,1,1) (S 47,6,10) (S 46,10,6) (S 29,6,10) (S 44,10,5) (S 39,5,8) (D 0,1,1)
