1296
6
34479100
45816300
0 1 1 86 186 17  (D 0,1,1) (S 1,3,2) (S 16,8,9) (S 18,9,8) (S 19,8,9) (S 20,9,10) (S 21,10,9) (S 41,15,14) (S 39,14,15) (S 40,15,9) (S 25,9,10) (S 22,10,4) (S 4,4,10) (S 24,10,9) (S 42,15,22) (S 63,22,23) (D 0,1,1)
0 1 2 111 264 18  (D 0,1,1) (S 30,10,11) (S 29,11,10) (S 17,9,8) (S 15,8,2) (S 2,3,4) (S 23,4,10) (S 26,10,11) (S 27,11,10) (S 5,10,4) (S 3,4,3) (S 6,4,11) (S 7,5,11) (S 28,10,16) (S 43,16,17) (S 45,17,24) (S 61,23,22) (D 0,1,1)
0 1 3 109 264 20  (D 0,1,1) (S 36,13,19) (S 52,19,20) (S 53,20,19) (S 51,19,18) (S 49,18,29) (S 77,31,30) (S 74,30,25) (S 65,25,29) (S 73,29,18) (S 48,18,19) (S 50,19,13) (S 14,7,13) (S 32,12,13) (S 38,13,14) (S 37,14,13) (S 34,13,14) (S 35,14,13) (S 33,13,7) (D 0,1,1)
0 1 4 70 155 10  (D 0,1,1) (S 44,16,23) (S 59,22,21) (S 70,21,27) (S 69,27,21) (S 57,21,27) (S 58,27,21) (S 56,21,22) (S 62,23,22) (D 0,1,1)
0 1 5 98 209 11  (D 0,1,1) (S 47,6,18) (S 46,18,6) (S 9,6,7) (S 13,7,6) (S 10,6,12) (S 31,12,6) (S 11,6,18) (S 12,18,6) (S 8,6,1) (D 0,1,1)
0 1 6 82 218 16  (D 0,1,1) (S 66,25,30) (S 75,30,31) (S 76,31,26) (S 55,26,20) (S 54,20,26) (S 67,26,20) (S 68,20,26) (S 78,31,32) (S 79,32,27) (S 71,27,28) (S 72,28,22) (S 60,22,23) (S 64,23,28) (S 80,34,33) (D 0,1,1)
