1955
7
60721400
76397900
0 1 1 93 165 12  (D 0,1,1) (S 1,1,2) (S 4,2,1) (S 5,1,2) (S 2,2,1) (S 3,1,6) (S 44,6,12) (S 43,12,6) (S 24,6,12) (S 25,12,6) (S 23,6,1) (D 0,1,1)
0 1 2 140 295 17  (D 0,1,1) (S 7,2,13) (S 88,19,25) (S 89,25,26) (S 91,26,20) (S 72,20,19) (S 65,19,18) (S 66,18,19) (S 60,19,18) (S 61,18,29) (S 105,29,18) (S 59,18,19) (S 49,19,13) (S 26,7,13) (S 45,13,2) (S 6,2,8) (D 0,1,1)
0 1 3 165 332 24  (D 0,1,1) (S 14,3,4) (S 34,4,10) (S 31,10,3) (S 8,3,4) (S 20,4,5) (S 19,5,4) (S 13,4,3) (S 11,3,10) (S 54,10,16) (S 95,27,32) (S 118,32,33) (S 114,33,32) (S 112,32,31) (S 110,31,30) (S 107,30,31) (S 108,31,30) (S 111,30,31) (S 109,31,26) (S 75,26,20) (S 74,20,26) (S 92,20,26) (S 29,8,14) (D 0,1,1)
0 1 4 151 278 22  (D 0,1,1) (S 32,3,10) (S 37,10,16) (S 55,16,23) (S 82,23,28) (S 116,28,33) (S 117,33,32) (S 113,32,33) (S 102,33,28) (S 83,28,23) (S 79,22,28) (S 101,28,33) (S 115,33,28) (S 96,28,22) (S 97,22,28) (S 103,28,34) (S 104,34,28) (S 98,28,23) (S 81,23,16) (S 38,16,10) (S 35,10,9) (D 0,1,1)
0 1 5 159 335 25  (D 0,1,1) (S 51,14,13) (S 48,13,19) (S 69,19,25) (S 87,25,19) (S 67,19,20) (S 68,20,19) (S 62,19,12) (S 64,13,19) (S 73,19,20) (S 71,20,14) (S 50,14,8) (S 28,8,9) (S 30,9,10) (S 36,10,11) (S 42,11,17) (S 86,17,24) (S 84,24,11) (S 22,11,5) (S 21,5,11) (S 39,11,5) (S 40,5,11) (S 41,11,10) (S 12,10,3) (D 0,1,1)
0 1 6 92 218 18  (D 0,1,1) (S 76,21,22) (S 99,23,28) (S 122,28,34) (S 119,33,34) (S 120,34,33) (S 124,33,34) (S 121,34,28) (S 100,28,27) (S 93,27,26) (S 90,25,29) (S 106,29,25) (S 70,25,19) (S 63,19,13) (S 27,13,7) (S 47,7,13) (S 46,13,7) (D 0,1,1)
0 1 7 146 332 20  (D 0,1,1) (S 77,21,27) (S 94,27,28) (S 80,28,22) (S 78,22,15) (S 52,15,22) (S 123,34,33) (S 85,24,17) (S 57,17,24) (S 58,24,17) (S 56,17,16) (S 53,16,10) (S 33,10,4) (S 17,4,10) (S 18,10,4) (S 15,4,5) (S 16,5,4) (S 9,4,3) (S 10,3,9) (D 0,1,1)
