1408
4
0
0
0 1 1 192 329 34
(D 0,1,1) (S 1,1,5) (S 24,13,14) (S 26,14,15) (S 28,15,16) (S 47,24,16) (S 32,16,24) (S 48,24,23) (S 30,23,15) (S 29,15,23) (S 67,22,31) (S 66,31,22) (S 42,22,23) (S 45,23,15) (S 46,15,23) (S 27,14,22) (S 43,22,31) (S 44,31,22) (S 41,22,21) (S 39,21,13) (S 21,13,6) (S 11,6,7) (S 9,7,2) (S 10,7,6) (S 5,6,7) (S 6,7,6) (S 7,6,13) (S 13,8,7) (S 12,7,13) (S 8,13,6) (S 22,6,13) (S 23,13,12) (S 20,12,11) (D 0,1,1)
0 1 2 82 235 15
(D 0,1,1) (S 25,13,21) (S 40,21,27) (S 55,27,36) (S 56,36,27) (S 34,18,5) (S 2,3,9) (S 3,9,3) (S 15,3,9) (S 14,9,3) (S 16,10,4) (S 17,10,17) (S 33,17,16) (S 31,16,17) (D 0,1,1)
0 1 3 229 466 40
(D 0,1,1) (S 49,24,25) (S 69,31,37) (S 85,37,31) (S 86,31,37) (S 87,37,32) (S 90,32,38) (S 89,38,32) (S 58,32,28) (S 72,28,32) (S 73,32,38) (S 74,38,32) (S 57,28,32) (S 71,32,28) (S 92,38,43) (S 98,43,42) (S 117,50,49) (S 97,49,41) (S 113,41,49) (S 114,49,48) (S 110,47,46) (S 108,46,47) (S 109,47,46) (S 111,46,47) (S 96,41,49) (S 112,49,41) (S 81,35,27) (S 37,19,20) (S 38,20,30) (S 62,30,20) (S 64,30,27) (S 54,27,35) (S 84,27,36) (S 83,36,27) (S 35,18,19) (S 53,30,27) (S 52,27,30) (S 63,30,26) (S 19,11,12) (D 0,1,1)
0 1 4 192 378 36
(D 0,1,1) (S 65,27,30) (S 80,34,35) (S 82,35,36) (S 88,37,43) (S 103,45,43) (S 104,43,45) (S 105,45,50) (S 115,50,44) (S 101,44,50) (S 116,50,45) (S 100,45,43) (S 99,43,45) (S 102,45,38) (S 91,38,37) (S 70,37,31) (S 68,31,27) (S 36,18,29) (S 61,29,33) (S 95,33,39) (S 94,39,33) (S 93,39,29) (S 51,29,26) (S 50,26,29) (S 107,33,46) (S 106,46,33) (S 76,33,39) (S 77,39,33) (S 78,33,46) (S 79,46,33) (S 75,33,29) (S 59,29,26) (S 60,26,29) (S 18,11,5) (S 4,5,11) (D 0,1,1)
