1480
6
34288800
43693200
0 1 1 89 218 20  (D 0,1,1) (S 9,7,13) (S 12,8,9) (S 14,9,10) (S 26,19,20) (S 25,17,20) (S 27,20,19) (S 28,20,21) (S 29,21,20) (S 24,17,11) (S 6,11,5) (S 5,5,11) (S 7,6,12) (S 17,11,5) (S 18,5,11) (S 19,11,10) (S 20,11,16) (S 23,16,15) (S 16,10,4) (D 0,1,1)
0 1 2 90 145 8  (D 0,1,1) (S 11,2,8) (S 10,8,2) (S 3,2,8) (S 4,8,2) (S 2,1,7) (S 8,7,8) (D 0,1,1)
0 1 3 112 224 12  (D 0,1,1) (S 15,9,14) (S 38,25,31) (S 55,31,30) (S 51,30,31) (S 39,31,25) (S 35,25,15) (S 22,14,13) (S 21,13,23) (S 33,23,29) (S 1,1,2) (D 0,1,1)
0 1 4 129 310 17  (D 0,1,1) (S 34,24,30) (S 56,30,31) (S 52,31,30) (S 50,30,24) (S 37,25,26) (S 54,25,31) (S 69,36,40) (S 81,37,41) (S 80,41,37) (S 71,37,41) (S 72,41,37) (S 70,37,36) (S 68,36,39) (S 79,39,40) (S 61,33,37) (D 0,1,1)
0 1 5 129 267 21  (D 0,1,1) (S 60,32,31) (S 58,32,27) (S 45,27,32) (S 46,32,27) (S 43,27,28) (S 44,28,27) (S 31,27,21) (S 30,21,27) (S 47,27,33) (S 49,27,28) (S 48,28,27) (S 41,27,21) (S 42,21,27) (S 59,27,32) (S 57,32,26) (S 40,26,25) (S 36,25,24) (S 32,23,13) (S 13,9,3) (D 0,1,1)
0 1 6 130 316 15  (D 0,1,1) (S 64,34,38) (S 62,34,29) (S 63,34,35) (S 66,35,39) (S 75,39,35) (S 76,35,39) (S 77,39,38) (S 78,38,39) (S 74,39,38) (S 73,38,39) (S 67,39,35) (S 65,35,31) (S 53,31,25) (D 0,1,1)
