724
6
1616800
2047900
0 1 1 5 141 7  (D 0,1,1) (S 1,1,2) (S 21,9,10) (S 2,1,4) (S 6,3,4) (S 8,4,13) (D 0,1,1)
0 1 2 5 131 7  (D 0,1,1) (S 5,2,4) (S 4,1,12) (S 30,12,13) (S 13,5,13) (S 26,12,6) (D 0,1,1)
0 1 3 5 124 7  (D 0,1,1) (S 7,3,5) (S 11,5,12) (S 15,12,6) (S 3,1,10) (S 23,8,11) (D 0,1,1)
0 1 4 5 113 7  (D 0,1,1) (S 24,12,5) (S 10,5,11) (S 20,11,8) (S 29,7,12) (S 14,6,12) (D 0,1,1)
0 1 5 5 118 7  (D 0,1,1) (S 25,5,12) (S 18,12,7) (S 16,7,8) (S 19,8,11) (S 22,11,8) (D 0,1,1)
0 1 6 5 97 7  (D 0,1,1) (S 28,12,7) (S 17,7,12) (S 12,12,5) (S 9,5,6) (S 27,6,12) (D 0,1,1)
