931
6
118298000
136170600
0 1 1 70 150 12  (D 0,1,1) (S 2,1,10) (S 26,11,18) (S 31,19,12) (S 53,12,19) (S 52,19,12) (S 30,12,19) (S 28,12,7) (S 23,10,11) (S 104,40,32) (S 44,24,15) (D 0,1,1)
0 1 2 70 142 15  (D 0,1,1) (S 4,3,4) (S 9,7,4) (S 8,4,7) (S 14,7,4) (S 15,4,7) (S 16,7,12) (S 6,6,3) (S 7,4,3) (S 5,3,6) (S 11,6,3) (S 12,3,6) (S 13,6,5) (S 10,5,6) (D 0,1,1)
0 1 3 70 166 17  (D 0,1,1) (S 20,9,13) (S 56,21,20) (S 55,20,21) (S 32,13,22) (S 60,22,14) (S 77,27,26) (S 78,26,27) (S 80,27,35) (S 74,27,26) (S 73,26,27) (S 79,27,28) (S 33,14,9) (S 21,9,14) (S 135,43,35) (S 96,30,38) (D 0,1,1)
0 1 4 70 165 18  (D 0,1,1) (S 34,9,14) (S 37,14,23) (S 38,23,14) (S 40,14,15) (S 41,15,16) (S 42,15,23) (S 22,14,9) (S 18,8,13) (S 105,33,25) (S 70,25,20) (S 59,20,21) (S 58,21,20) (S 57,20,25) (S 123,38,46) (S 140,44,43) (S 115,35,36) (D 0,1,1)
0 1 5 70 136 17  (D 0,1,1) (S 1,1,9) (S 35,14,15) (S 39,15,14) (S 82,28,29) (S 95,29,30) (S 91,30,29) (S 90,29,30) (S 83,29,28) (S 113,28,36) (S 122,38,36) (S 110,36,35) (S 109,35,36) (S 84,28,36) (S 116,36,38) (S 63,23,24) (D 0,1,1)
0 1 6 67 172 16  (D 0,1,1) (S 17,8,9) (S 112,36,28) (S 120,38,30) (S 125,39,30) (S 93,30,24) (S 88,29,28) (S 114,36,35) (S 111,35,43) (S 132,42,41) (S 134,41,42) (S 133,42,41) (S 131,41,42) (S 71,25,26) (S 72,26,25) (D 0,1,1)
