1640
6
0
0
0 1 1 144 283 27
(D 0,1,1) (S 1,1,9) (S 61,22,28) (S 74,28,22) (S 35,13,22) (S 33,13,8) (S 19,8,9) (S 13,5,6) (S 16,6,5) (S 4,2,3) (S 15,3,6) (S 14,6,3) (S 10,3,4) (S 9,4,3) (S 5,3,4) (S 6,4,3) (S 7,3,6) (S 8,6,3) (S 11,4,7) (S 17,7,12) (S 18,12,7) (S 28,7,12) (S 25,12,11) (S 26,11,18) (S 79,29,37) (S 66,24,15) (D 0,1,1)
0 1 2 92 184 15
(D 0,1,1) (S 64,23,29) (S 65,29,23) (S 40,15,16) (S 46,16,17) (S 48,17,16) (S 44,16,15) (S 38,15,14) (S 39,14,15) (S 92,36,44) (S 94,44,37) (S 93,37,44) (S 118,44,37) (S 119,37,44) (D 0,1,1)
0 1 3 159 270 23
(D 0,1,1) (S 69,24,29) (S 76,29,23) (S 42,15,24) (S 51,18,11) (S 24,11,12) (S 31,12,19) (S 54,19,32) (S 55,32,19) (S 32,19,12) (S 27,12,7) (S 53,12,19) (S 83,19,32) (S 82,32,19) (S 52,19,12) (S 29,12,11) (S 30,11,12) (S 12,5,1) (S 3,1,15) (S 67,15,24) (S 68,24,23) (S 63,23,24) (D 0,1,1)
0 1 4 163 301 29
(D 0,1,1) (S 75,28,27) (S 88,26,34) (S 109,34,42) (S 107,42,41) (S 106,41,42) (S 112,42,43) (S 133,43,48) (S 132,48,43) (S 114,43,42) (S 110,42,41) (S 111,41,42) (S 115,42,43) (S 136,46,50) (S 137,50,49) (S 135,50,46) (S 128,46,50) (S 134,50,45) (S 122,45,48) (S 116,43,48) (S 117,48,43) (S 113,43,42) (S 108,42,34) (S 87,34,26) (S 85,25,33) (S 71,33,25) (S 57,21,20) (S 58,21,22) (D 0,1,1)
0 1 5 170 307 30
(D 0,1,1) (S 77,23,29) (S 78,29,24) (S 43,24,15) (S 45,15,16) (S 49,16,17) (S 50,17,31) (S 81,31,17) (S 47,17,16) (S 41,16,15) (S 37,15,14) (S 36,14,15) (S 62,23,22) (S 59,21,26) (S 72,26,34) (S 89,34,42) (S 90,42,34) (S 73,34,26) (S 70,25,33) (S 86,33,41) (S 84,33,25) (S 56,20,25) (S 60,22,13) (S 34,13,9) (S 2,9,1) (S 21,1,9) (S 20,9,1) (S 22,9,8) (S 23,9,14) (D 0,1,1)
0 1 6 173 295 25
(D 0,1,1) (S 80,30,38) (S 102,38,39) (S 104,39,47) (S 105,47,39) (S 98,39,38) (S 97,38,39) (S 103,39,40) (S 131,39,47) (S 130,47,39) (S 101,39,38) (S 99,38,46) (S 100,46,38) (S 95,38,36) (S 91,36,38) (S 125,38,46) (S 120,45,46) (S 121,46,45) (S 123,45,49) (S 129,50,46) (S 126,46,45) (S 127,45,46) (S 124,46,38) (S 96,38,37) (D 0,1,1)
