614
6
0
0
0 1 1 5 58 7
(D 0,1,1) (S 1,1,2) (S 9,2,4) (S 14,4,2) (S 11,2,9) (S 15,2,4) (D 0,1,1)
0 1 2 5 111 7
(D 0,1,1) (S 2,2,1) (S 5,1,12) (S 17,5,11) (S 26,11,8) (S 30,8,11) (D 0,1,1)
0 1 3 5 119 7
(D 0,1,1) (S 3,1,7) (S 22,7,8) (S 25,8,11) (S 29,11,8) (S 28,10,11) (D 0,1,1)
0 1 4 5 115 7
(D 0,1,1) (S 8,2,3) (S 12,3,4) (S 10,4,2) (S 27,9,10) (S 6,2,1) (D 0,1,1)
0 1 5 5 104 7
(D 0,1,1) (S 13,3,5) (S 16,5,6) (S 21,6,12) (S 4,1,9) (S 7,1,2) (D 0,1,1)
0 1 6 5 107 7
(D 0,1,1) (S 24,6,8) (S 23,8,6) (S 19,6,8) (S 20,8,6) (S 18,6,7) (D 0,1,1)
