1381
6
33515500
48918900
0 1 1 138 265 20  (D 0,1,1) (S 1,1,6) (S 10,2,36) (S 92,35,34) (S 88,33,34) (S 75,26,27) (S 77,27,28) (S 79,28,35) (S 8,35,1) (S 6,1,11) (S 50,16,15) (S 51,15,16) (S 49,16,15) (S 48,15,16) (S 47,15,14) (S 46,14,8) (S 25,8,1) (S 28,8,14) (S 36,6,12) (D 0,1,1)
0 1 2 115 196 17  (D 0,1,1) (S 19,6,7) (S 70,18,22) (S 69,22,18) (S 45,19,13) (S 24,13,7) (S 23,7,13) (S 64,13,19) (S 40,13,17) (S 59,17,18) (S 56,18,13) (S 57,13,18) (S 60,18,19) (S 63,19,13) (S 37,13,7) (S 38,7,13) (D 0,1,1)
0 1 3 102 179 12  (D 0,1,1) (S 33,1,10) (S 32,10,1) (S 4,1,10) (S 5,10,1) (S 3,8,1) (S 7,1,35) (S 89,35,1) (S 26,1,8) (S 29,8,40) (S 17,6,1) (D 0,1,1)
0 1 4 148 266 25  (D 0,1,1) (S 71,22,25) (S 74,24,25) (S 72,24,21) (S 73,21,24) (S 68,24,21) (S 67,21,24) (S 66,21,20) (S 65,20,17) (S 41,17,13) (S 42,13,18) (S 58,18,17) (S 54,17,18) (S 55,18,17) (S 52,17,13) (S 53,13,17) (S 61,18,22) (S 62,22,18) (S 43,18,13) (S 44,13,19) (S 39,13,12) (S 21,12,6) (S 20,6,12) (S 35,12,6) (D 0,1,1)
0 1 5 141 288 26  (D 0,1,1) (S 90,1,35) (S 91,35,28) (S 78,28,27) (S 76,26,34) (S 87,33,1) (S 2,1,8) (S 27,8,9) (S 30,9,10) (S 34,10,9) (S 31,9,15) (S 93,35,36) (S 94,36,37) (S 103,37,38) (S 101,4,38) (S 102,38,37) (S 95,37,3) (S 12,3,37) (S 97,37,31) (S 86,31,37) (S 13,37,3) (S 11,3,2) (S 9,2,3) (S 22,7,6) (S 18,6,2) (D 0,1,1)
0 1 6 101 187 18  (D 0,1,1) (S 105,39,32) (S 104,39,5) (S 106,39,38) (S 16,38,4) (S 14,4,3) (S 96,3,37) (S 98,37,38) (S 100,38,4) (S 15,4,38) (S 99,38,37) (S 85,30,31) (S 84,31,30) (S 82,30,31) (S 83,31,30) (S 81,30,29) (S 80,29,36) (D 0,1,1)
