431
7
5309700
5989400
0 1 1 26 52 7  (D 0,1,1) (S 1,1,2) (S 8,1,11) (S 24,6,10) (S 34,10,1) (S 11,2,9) (D 0,1,1)
0 1 2 23 80 9  (D 0,1,1) (S 3,1,5) (S 21,5,7) (S 26,7,5) (S 19,5,1) (S 2,1,3) (S 37,3,11) (S 29,7,9) (D 0,1,1)
0 1 3 25 56 7  (D 0,1,1) (S 5,1,6) (S 23,6,9) (S 33,9,10) (S 7,10,1) (S 6,1,10) (D 0,1,1)
0 1 4 25 65 7  (D 0,1,1) (S 9,2,4) (S 17,4,9) (S 18,9,4) (S 15,4,7) (S 35,1,10) (D 0,1,1)
0 1 5 26 63 8  (D 0,1,1) (S 10,2,6) (S 25,6,11) (S 36,11,3) (S 13,3,11) (S 14,11,3) (S 12,3,10) (D 0,1,1)
0 1 6 13 39 6  (D 0,1,1) (S 20,1,5) (S 27,5,7) (S 28,7,8) (S 30,8,10) (D 0,1,1)
0 1 7 27 76 7  (D 0,1,1) (S 32,4,9) (S 31,9,4) (S 16,4,8) (S 22,7,5) (S 4,5,1) (D 0,1,1)
