1641
6
0
0
0 1 1 81 135 10
(D 0,1,1) (S 1,1,2) (S 2,2,1) (S 6,1,2) (S 5,2,1) (S 7,2,9) (S 18,9,8) (S 19,8,9) (S 20,9,10) (D 0,1,1)
0 1 2 115 239 15
(D 0,1,1) (S 8,3,10) (S 66,10,19) (S 63,19,18) (S 48,18,15) (S 43,15,10) (S 25,10,19) (S 50,19,15) (S 39,15,14) (S 40,14,17) (S 55,17,14) (S 46,14,15) (S 26,19,10) (S 22,10,3) (D 0,1,1)
0 1 3 148 281 20
(D 0,1,1) (S 21,9,15) (S 60,15,18) (S 62,18,19) (S 69,19,18) (S 59,18,15) (S 45,15,14) (S 56,14,17) (S 57,17,16) (S 52,16,17) (S 41,17,14) (S 38,14,15) (S 24,15,10) (S 44,10,15) (S 49,15,19) (S 65,19,10) (S 23,10,15) (S 47,15,18) (S 61,18,17) (D 0,1,1)
0 1 4 150 280 17
(D 0,1,1) (S 68,15,19) (S 67,19,15) (S 42,15,8) (S 14,8,9) (S 15,9,8) (S 16,8,14) (S 17,14,8) (S 12,8,1) (S 3,1,5) (S 10,5,8) (S 35,8,14) (S 34,14,8) (S 13,8,5) (S 9,5,1) (S 4,1,8) (D 0,1,1)
0 1 5 147 366 25
(D 0,1,1) (S 70,18,19) (S 64,18,26) (S 91,26,30) (S 90,25,22) (S 86,23,30) (S 92,30,26) (S 102,26,30) (S 101,30,26) (S 84,23,22) (S 80,22,23) (S 78,22,17) (S 33,13,16) (S 37,13,14) (S 36,14,13) (S 30,13,8) (S 31,13,14) (S 32,14,13) (S 29,12,16) (S 58,16,17) (S 53,17,16) (S 51,16,13) (S 28,12,11) (S 11,6,7) (D 0,1,1)
0 1 6 150 340 27
(D 0,1,1) (S 98,29,22) (S 85,22,23) (S 81,23,22) (S 79,22,21) (S 97,28,27) (S 93,27,20) (S 71,20,11) (S 27,11,16) (S 54,16,20) (S 96,28,24) (S 88,20,24) (S 89,24,28) (S 95,28,21) (S 76,21,20) (S 73,20,24) (S 87,24,20) (S 75,20,27) (S 94,27,24) (S 74,24,20) (S 72,20,21) (S 77,21,22) (S 82,22,29) (S 83,29,22) (S 99,22,29) (S 100,29,25) (D 0,1,1)
