964
6
22244400
28133200
0 1 1 46 133 10  (D 0,1,1) (S 1,1,5) (S 30,7,13) (S 42,13,14) (S 25,14,5) (S 21,5,1) (S 22,1,5) (S 9,2,5) (S 23,5,6) (D 0,1,1)
0 1 2 50 194 15  (D 0,1,1) (S 2,5,1) (S 12,3,9) (S 13,3,21) (S 14,21,3) (S 55,21,3) (S 56,3,21) (S 57,21,22) (S 7,2,3) (S 11,3,8) (S 4,8,1) (S 3,1,8) (S 31,8,1) (S 5,1,9) (D 0,1,1)
0 1 3 50 168 12  (D 0,1,1) (S 27,6,15) (S 48,16,17) (S 36,10,18) (S 35,10,12) (S 41,12,17) (S 49,17,18) (S 50,18,19) (S 51,19,20) (S 53,20,19) (S 24,5,14) (D 0,1,1)
0 1 4 42 192 12  (D 0,1,1) (S 32,1,8) (S 33,8,9) (S 10,3,4) (S 19,4,11) (S 20,11,4) (S 15,4,1) (S 6,1,10) (S 34,8,20) (S 52,20,19) (S 54,19,20) (D 0,1,1)
0 1 5 49 200 13  (D 0,1,1) (S 44,5,14) (S 43,14,5) (S 8,2,4) (S 17,4,7) (S 18,7,4) (S 29,4,7) (S 28,7,4) (S 38,4,11) (S 37,11,4) (S 16,4,6) (S 26,6,11) (D 0,1,1)
0 1 6 17 77 7  (D 0,1,1) (S 45,14,15) (S 40,16,11) (S 39,11,16) (S 46,16,11) (S 47,11,16) (D 0,1,1)
