1458
6
0
0
0 1 1 119 326 22
(D 0,1,1) (S 9,6,7) (S 43,15,22) (S 62,22,15) (S 14,9,8) (S 12,8,2) (S 2,2,8) (S 17,8,9) (S 16,9,8) (S 13,8,9) (S 15,9,3) (S 7,4,11) (S 26,11,5) (S 46,17,11) (S 25,11,4) (S 6,4,3) (S 44,16,10) (S 47,17,24) (S 70,24,23) (S 66,23,22) (S 67,22,23) (D 0,1,1)
0 1 2 115 275 21
(D 0,1,1) (S 10,6,12) (S 49,12,18) (S 50,18,19) (S 52,19,12) (S 36,13,19) (S 92,31,32) (S 81,27,32) (S 40,14,20) (S 57,20,26) (S 76,26,25) (S 71,25,26) (S 74,26,20) (S 75,20,26) (S 77,26,27) (S 3,2,13) (S 32,13,7) (S 11,7,6) (S 8,6,1) (S 1,1,6) (D 0,1,1)
0 1 3 126 226 19
(D 0,1,1) (S 39,14,15) (S 42,15,21) (S 79,21,27) (S 78,27,21) (S 60,21,27) (S 61,27,21) (S 59,21,15) (S 24,9,10) (S 19,10,9) (S 18,9,10) (S 5,10,3) (S 4,3,10) (S 21,10,3) (S 22,3,10) (S 23,10,9) (S 20,9,15) (S 41,15,14) (D 0,1,1)
0 1 4 130 277 22
(D 0,1,1) (S 45,16,23) (S 65,23,22) (S 63,22,21) (S 64,22,23) (S 69,23,28) (S 99,28,34) (S 97,33,34) (S 98,34,28) (S 95,28,33) (S 94,33,28) (S 83,28,33) (S 84,33,28) (S 85,28,34) (S 86,34,28) (S 96,33,32) (S 93,32,27) (S 80,27,28) (S 82,28,23) (S 68,23,24) (S 100,34,33) (D 0,1,1)
0 1 5 48 125 9
(D 0,1,1) (S 51,18,29) (S 91,31,30) (S 88,30,25) (S 72,25,29) (S 87,29,18) (S 29,18,12) (S 27,12,13) (D 0,1,1)
0 1 6 129 229 19
(D 0,1,1) (S 53,12,19) (S 55,19,25) (S 73,25,30) (S 89,30,31) (S 90,31,26) (S 58,26,20) (S 56,20,19) (S 31,19,12) (S 28,12,18) (S 48,18,12) (S 30,12,19) (S 54,19,13) (S 38,13,14) (S 37,14,13) (S 34,13,14) (S 35,14,13) (S 33,13,12) (D 0,1,1)
