1090
9
31744100
40780100
0 1 1 46 109 10  (D 0,1,1) (S 2,1,6) (S 14,6,1) (S 27,11,12) (S 28,12,11) (S 34,15,16) (S 35,16,10) (S 25,10,9) (S 20,8,9) (D 0,1,1)
0 1 2 64 119 9  (D 0,1,1) (S 52,26,27) (S 59,27,34) (S 75,34,26) (S 76,26,34) (S 81,34,35) (S 26,11,1) (S 5,1,40) (D 0,1,1)
0 1 3 65 111 9  (D 0,1,1) (S 56,34,26) (S 58,26,27) (S 78,27,34) (S 77,34,27) (S 53,27,26) (S 54,26,33) (S 80,33,34) (D 0,1,1)
0 1 4 65 118 10  (D 0,1,1) (S 9,2,36) (S 70,38,31) (S 69,31,38) (S 68,31,37) (S 93,37,36) (S 85,36,2) (S 101,40,1) (S 8,2,6) (D 0,1,1)
0 1 5 65 108 10  (D 0,1,1) (S 64,36,29) (S 61,29,30) (S 65,30,29) (S 88,29,36) (S 87,36,29) (S 63,29,36) (S 19,7,6) (S 1,1,2) (D 0,1,1)
0 1 6 63 113 10  (D 0,1,1) (S 82,35,34) (S 60,34,27) (S 57,27,26) (S 55,26,34) (S 79,34,33) (S 74,34,33) (S 73,33,34) (S 6,2,1) (D 0,1,1)
0 1 7 65 134 13  (D 0,1,1) (S 30,13,19) (S 31,19,13) (S 46,24,23) (S 49,23,24) (S 48,24,23) (S 45,23,24) (S 47,24,21) (S 42,21,22) (S 17,7,3) (S 11,3,4) (S 12,3,7) (D 0,1,1)
0 1 8 65 130 12  (D 0,1,1) (S 94,38,31) (S 95,31,38) (S 96,38,39) (S 72,39,32) (S 71,32,39) (S 98,39,32) (S 99,32,39) (S 100,39,38) (S 97,39,5) (S 18,3,7) (D 0,1,1)
0 1 9 64 148 13  (D 0,1,1) (S 37,18,17) (S 39,13,19) (S 38,19,13) (S 50,25,22) (S 43,22,25) (S 41,21,20) (S 40,20,17) (S 51,22,25) (S 44,25,22) (S 36,18,13) (S 29,13,18) (D 0,1,1)
