1678
7
49023000
58454100
0 1 1 119 209 16  (D 0,1,1) (S 1,1,2) (S 4,2,1) (S 19,7,8) (S 45,8,14) (S 44,14,8) (S 23,8,5) (S 13,5,4) (S 8,4,5) (S 9,5,4) (S 10,4,7) (S 20,7,12) (S 35,12,7) (S 16,7,4) (S 17,4,7) (D 0,1,1)
0 1 2 148 322 20  (D 0,1,1) (S 2,2,1) (S 15,5,8) (S 62,13,17) (S 61,17,13) (S 39,13,14) (S 40,14,13) (S 41,13,16) (S 105,21,29) (S 103,28,27) (S 102,27,20) (S 77,20,11) (S 34,11,12) (S 47,13,14) (S 46,14,13) (S 42,13,17) (S 43,17,13) (S 38,13,8) (S 18,7,6) (D 0,1,1)
0 1 3 72 159 11  (D 0,1,1) (S 7,2,9) (S 51,10,15) (S 54,15,19) (S 68,19,18) (S 64,18,15) (S 50,15,10) (S 32,10,19) (S 33,19,10) (S 28,10,3) (D 0,1,1)
0 1 4 103 234 16  (D 0,1,1) (S 36,7,12) (S 37,12,16) (S 59,16,21) (S 60,21,16) (S 56,16,11) (S 84,16,21) (S 83,21,16) (S 57,16,13) (S 21,12,7) (S 11,7,4) (S 14,4,5) (S 12,5,1) (S 5,1,2) (S 6,2,3) (D 0,1,1)
0 1 5 110 245 20  (D 0,1,1) (S 65,15,18) (S 69,18,23) (S 107,30,23) (S 99,23,26) (S 98,26,23) (S 90,23,26) (S 91,26,23) (S 92,23,30) (S 108,30,26) (S 101,30,26) (S 109,26,30) (S 97,25,30) (S 106,29,25) (S 95,25,22) (S 74,15,19) (S 71,19,10) (S 29,10,9) (S 27,9,15) (D 0,1,1)
0 1 6 127 243 15  (D 0,1,1) (S 72,10,19) (S 55,19,15) (S 31,15,10) (S 30,10,15) (S 52,15,18) (S 67,18,19) (S 73,19,15) (S 48,15,8) (S 24,8,14) (S 25,14,8) (S 22,8,1) (S 3,1,9) (S 26,9,10) (D 0,1,1)
0 1 7 118 266 25  (D 0,1,1) (S 76,18,19) (S 75,19,18) (S 66,18,17) (S 70,18,26) (S 100,26,30) (S 96,25,29) (S 104,29,21) (S 87,21,29) (S 88,29,21) (S 86,21,28) (S 82,20,27) (S 80,20,24) (S 81,24,20) (S 78,20,16) (S 58,16,20) (S 94,20,24) (S 93,24,20) (S 79,20,21) (S 85,21,22) (S 89,22,17) (S 63,17,18) (S 53,18,15) (S 49,15,9) (D 0,1,1)
