1823
7
144012900
163630400
0 1 1 148 291 29  (D 0,1,1) (S 1,1,2) (S 18,7,6) (S 49,19,26) (S 136,46,47) (S 137,47,40) (S 118,40,34) (S 102,34,35) (S 126,42,44) (S 132,44,49) (S 140,49,41) (S 120,41,35) (S 103,35,36) (S 108,36,42) (S 109,42,36) (S 105,36,27) (S 72,27,31) (S 73,31,27) (S 74,27,35) (S 101,35,34) (S 98,34,35) (S 107,35,36) (S 124,36,42) (S 123,42,36) (S 106,36,35) (S 100,35,27) (S 86,27,31) (S 77,32,28) (D 0,1,1)
0 1 2 149 311 28  (D 0,1,1) (S 6,2,7) (S 17,7,2) (S 5,2,1) (S 3,1,6) (S 4,6,1) (S 14,1,6) (S 13,6,1) (S 60,21,27) (S 141,49,44) (S 131,44,42) (S 125,42,41) (S 121,41,48) (S 122,48,41) (S 138,48,41) (S 139,41,48) (S 142,49,50) (S 130,50,43) (S 113,45,38) (S 110,38,28) (S 76,28,32) (S 92,28,32) (S 68,24,32) (S 89,32,24) (S 67,24,25) (S 90,24,32) (S 91,32,28) (D 0,1,1)
0 1 3 136 260 24  (D 0,1,1) (S 34,13,6) (S 15,6,12) (S 30,12,6) (S 32,12,11) (S 33,11,12) (S 29,12,11) (S 28,11,12) (S 27,11,5) (S 11,5,6) (S 2,1,5) (S 12,5,18) (S 47,18,26) (S 70,26,29) (S 81,29,39) (S 114,39,29) (S 79,29,26) (S 115,29,39) (S 116,39,33) (S 94,33,39) (S 82,39,29) (S 71,29,26) (S 80,26,29) (D 0,1,1)
0 1 4 137 294 22  (D 0,1,1) (S 37,15,9) (S 23,9,16) (S 45,16,17) (S 44,17,16) (S 40,16,17) (S 42,17,10) (S 25,10,17) (S 26,17,10) (S 24,10,4) (S 7,3,4) (S 10,4,10) (S 43,10,17) (S 41,17,16) (S 39,16,9) (S 9,9,3) (S 8,3,9) (S 20,9,3) (S 21,3,9) (S 22,9,8) (S 19,8,9) (D 0,1,1)
0 1 5 125 277 22  (D 0,1,1) (S 46,17,25) (S 78,28,38) (S 134,38,45) (S 135,45,50) (S 129,43,50) (S 143,50,43) (S 127,43,37) (S 144,43,50) (S 128,43,38) (S 112,38,45) (S 133,45,38) (S 111,38,32) (S 69,32,24) (S 66,24,23) (S 62,22,23) (S 63,23,22) (S 65,22,23) (S 64,23,22) (S 38,15,14) (S 36,14,15) (D 0,1,1)
0 1 6 121 235 19  (D 0,1,1) (S 59,21,22) (S 61,22,21) (S 53,21,20) (S 52,20,21) (S 56,21,13) (S 16,12,6) (S 31,6,12) (S 84,20,30) (S 83,30,20) (S 51,20,19) (S 48,19,20) (S 58,20,21) (S 57,21,20) (S 54,20,30) (S 55,30,20) (S 50,20,12) (S 35,13,12) (D 0,1,1)
0 1 7 63 155 14  (D 0,1,1) (S 88,31,37) (S 87,31,32) (S 85,31,27) (S 75,27,36) (S 104,36,35) (S 99,35,34) (S 97,34,33) (S 117,33,39) (S 95,39,33) (S 93,33,34) (S 96,34,30) (S 119,40,47) (D 0,1,1)
