1832
6
0
0
0 1 1 184 319 28
(D 0,1,1) (S 1,1,2) (S 6,2,1) (S 4,1,6) (S 5,6,1) (S 7,1,2) (S 2,2,1) (S 3,1,5) (S 12,5,18) (S 41,18,5) (S 11,5,11) (S 20,11,5) (S 22,11,19) (S 43,18,29) (S 104,39,33) (S 78,33,39) (S 79,39,33) (S 80,33,40) (S 81,40,33) (S 105,33,39) (S 103,39,29) (S 69,29,26) (S 60,26,19) (S 42,18,19) (S 45,19,20) (S 46,20,19) (S 44,19,18) (D 0,1,1)
0 1 2 108 232 19
(D 0,1,1) (S 13,6,1) (S 14,1,6) (S 15,6,12) (S 48,20,30) (S 66,27,35) (S 86,35,36) (S 88,36,27) (S 65,27,30) (S 67,27,36) (S 68,36,27) (S 64,27,21) (S 49,21,13) (S 21,11,12) (S 47,20,21) (S 23,12,13) (S 16,6,13) (S 24,13,12) (D 0,1,1)
0 1 3 166 356 29
(D 0,1,1) (S 18,9,10) (S 19,9,15) (S 30,15,14) (S 27,14,15) (S 31,15,16) (S 34,16,17) (S 37,17,16) (S 38,16,17) (S 39,17,25) (S 40,25,17) (S 35,17,16) (S 33,16,15) (S 29,15,9) (S 17,9,3) (S 56,24,25) (S 98,32,38) (S 131,38,45) (S 124,45,43) (S 125,43,50) (S 147,50,43) (S 120,43,37) (S 75,37,32) (S 74,32,37) (S 93,37,31) (S 55,31,23) (S 54,23,31) (S 53,22,23) (D 0,1,1)
0 1 4 144 313 33
(D 0,1,1) (S 25,13,14) (S 28,14,22) (S 52,22,21) (S 50,21,22) (S 51,22,14) (S 26,14,13) (S 61,26,29) (S 62,26,30) (S 89,27,36) (S 87,36,35) (S 83,35,34) (S 82,34,35) (S 91,35,36) (S 90,36,35) (S 84,35,34) (S 85,34,35) (S 92,36,42) (S 144,44,49) (S 129,49,44) (S 127,44,42) (S 119,42,44) (S 145,49,48) (S 114,48,41) (S 115,41,49) (S 141,49,41) (S 118,41,42) (S 117,42,41) (S 111,41,42) (S 112,42,41) (S 110,41,40) (S 109,40,47) (D 0,1,1)
0 1 5 113 245 20
(D 0,1,1) (S 57,24,32) (S 95,32,37) (S 94,37,32) (S 76,32,38) (S 122,38,43) (S 123,43,45) (S 132,45,43) (S 133,43,45) (S 134,45,50) (S 96,37,43) (S 148,43,50) (S 149,50,45) (S 130,45,38) (S 97,38,32) (S 73,32,31) (S 70,31,23) (S 71,23,31) (S 32,15,23) (D 0,1,1)
0 1 6 187 367 32
(D 0,1,1) (S 63,26,34) (S 106,40,33) (S 107,33,40) (S 108,40,41) (S 142,41,49) (S 143,49,44) (S 128,44,49) (S 116,49,41) (S 113,41,48) (S 139,48,47) (S 135,47,48) (S 136,48,47) (S 140,47,48) (S 137,48,41) (S 138,41,48) (S 146,49,50) (S 126,50,43) (S 100,43,38) (S 99,38,43) (S 121,43,38) (S 101,38,45) (S 102,45,38) (S 77,38,32) (S 72,32,28) (S 59,17,25) (S 58,25,17) (S 36,17,10) (S 10,4,3) (S 9,3,2) (S 8,2,7) (D 0,1,1)
