988
9
42361000
49749700
0 1 1 49 113 7  (D 0,1,1) (S 11,3,4) (S 10,3,2) (S 8,2,8) (S 12,4,3) (S 46,13,12) (D 0,1,1)
0 1 2 49 105 7  (D 0,1,1) (S 29,9,8) (S 26,8,9) (S 42,13,4) (S 43,4,13) (S 45,9,13) (D 0,1,1)
0 1 3 50 106 7  (D 0,1,1) (S 57,13,19) (S 67,22,21) (S 64,21,19) (S 65,19,21) (S 19,6,11) (D 0,1,1)
0 1 4 50 108 6  (D 0,1,1) (S 71,21,22) (S 70,22,21) (S 66,21,22) (S 61,21,19) (D 0,1,1)
0 1 5 49 89 7  (D 0,1,1) (S 14,3,4) (S 13,4,3) (S 31,9,13) (S 16,13,4) (S 15,4,13) (D 0,1,1)
0 1 6 50 132 8  (D 0,1,1) (S 63,22,20) (S 69,20,22) (S 68,22,20) (S 62,20,22) (S 55,18,21) (S 85,26,27) (D 0,1,1)
0 1 7 50 147 11  (D 0,1,1) (S 4,1,30) (S 95,30,1) (S 20,7,1) (S 101,29,31) (S 94,31,29) (S 1,1,2) (S 100,31,29) (S 39,11,12) (S 51,15,14) (D 0,1,1)
0 1 8 50 104 10  (D 0,1,1) (S 72,23,24) (S 76,24,27) (S 86,27,29) (S 92,29,30) (S 96,30,29) (S 91,29,28) (S 97,31,1) (S 5,1,31) (D 0,1,1)
0 1 9 50 84 10  (D 0,1,1) (S 77,27,24) (S 73,24,23) (S 75,23,24) (S 83,24,27) (S 90,27,29) (S 93,29,31) (S 6,31,1) (S 7,2,1) (D 0,1,1)
