330
7
4908300
9033100
0 1 1 4 0 3  (D 0,1,1) (S 1,1,2) (D 0,1,1)
0 1 2 20 47 7  (D 0,1,1) (S 4,1,2) (S 8,4,3) (S 9,3,4) (S 11,10,5) (S 10,5,10) (D 0,1,1)
0 1 3 20 66 8  (D 0,1,1) (S 12,6,7) (S 33,18,14) (S 32,14,18) (S 34,16,12) (S 26,11,12) (S 14,6,12) (D 0,1,1)
0 1 4 20 51 7  (D 0,1,1) (S 23,5,10) (S 22,10,5) (S 16,6,7) (S 13,7,6) (S 28,12,11) (D 0,1,1)
0 1 5 20 60 7  (D 0,1,1) (S 29,13,14) (S 35,18,14) (S 36,14,18) (S 37,18,17) (S 27,12,6) (D 0,1,1)
0 1 6 20 61 8  (D 0,1,1) (S 46,23,22) (S 48,22,23) (S 47,23,22) (S 45,22,23) (S 43,20,23) (S 40,19,20) (D 0,1,1)
0 1 7 20 45 8  (D 0,1,1) (S 24,10,20) (S 25,20,10) (S 39,9,19) (S 38,19,9) (S 21,19,9) (S 20,9,19) (D 0,1,1)
