1426
5
0
0
0 1 1 172 276 25
(D 0,1,1) (S 1,1,9) (S 24,8,9) (S 6,1,16) (S 95,31,39) (S 98,39,40) (S 101,40,39) (S 94,39,31) (S 80,31,32) (S 79,32,31) (S 77,31,39) (S 96,39,38) (S 92,38,39) (S 99,39,47) (S 100,47,39) (S 78,39,31) (S 75,31,32) (S 76,32,31) (S 74,31,17) (S 30,17,10) (S 4,10,1) (S 3,1,10) (S 8,2,5) (S 17,5,2) (D 0,1,1)
0 1 2 152 275 25
(D 0,1,1) (S 53,22,14) (S 35,14,22) (S 36,22,14) (S 37,15,24) (S 59,24,15) (S 64,24,30) (S 112,45,50) (S 123,50,45) (S 111,45,49) (S 121,49,48) (S 119,48,49) (S 120,49,48) (S 122,48,49) (S 114,50,46) (S 113,46,50) (S 124,50,46) (S 125,46,50) (S 126,50,49) (S 97,38,39) (S 116,39,47) (S 115,47,39) (S 93,39,38) (S 91,38,36) (D 0,1,1)
0 1 3 131 228 24
(D 0,1,1) (S 54,14,22) (S 49,21,20) (S 48,20,21) (S 50,21,22) (S 52,22,13) (S 34,13,9) (S 2,9,1) (S 26,1,9) (S 25,9,1) (S 28,1,10) (S 9,5,2) (S 18,2,5) (S 19,5,6) (S 27,10,1) (S 5,1,15) (S 60,15,24) (S 61,24,17) (S 41,17,18) (S 29,10,17) (S 44,17,30) (S 73,30,29) (S 57,23,24) (D 0,1,1)
0 1 4 175 338 33
(D 0,1,1) (S 55,22,23) (S 43,24,17) (S 39,17,10) (S 7,2,3) (S 21,3,6) (S 20,6,3) (S 15,3,4) (S 14,4,3) (S 10,3,4) (S 11,4,3) (S 12,3,6) (S 13,6,3) (S 16,4,7) (S 22,6,11) (S 23,11,6) (S 32,6,11) (S 31,11,6) (S 47,18,19) (S 40,10,17) (S 45,18,11) (S 33,11,18) (S 46,18,17) (S 62,17,24) (S 42,17,24) (S 38,24,15) (S 63,24,23) (S 56,23,22) (S 51,21,26) (S 70,27,26) (S 71,26,27) (S 72,27,28) (D 0,1,1)
0 1 5 175 309 29
(D 0,1,1) (S 58,23,28) (S 69,27,26) (S 68,26,27) (S 67,26,25) (S 65,25,33) (S 66,33,25) (S 81,33,25) (S 82,25,33) (S 83,33,41) (S 104,42,41) (S 102,41,42) (S 103,42,41) (S 105,41,42) (S 118,43,48) (S 117,48,43) (S 107,43,48) (S 108,48,43) (S 106,43,35) (S 84,35,36) (S 85,36,35) (S 87,35,36) (S 86,36,35) (S 88,36,44) (S 90,44,37) (S 89,37,44) (S 109,44,37) (S 110,37,44) (D 0,1,1)
