407
7
2441400
3542700
0 1 1 25 49 7  (D 0,1,1) (S 1,1,2) (S 33,1,9) (S 23,6,9) (S 32,9,1) (S 3,1,7) (D 0,1,1)
0 1 2 25 51 6  (D 0,1,1) (S 8,4,2) (S 4,1,9) (S 34,9,10) (S 31,10,8) (D 0,1,1)
0 1 3 27 68 8  (D 0,1,1) (S 11,2,6) (S 22,6,7) (S 21,7,5) (S 18,5,2) (S 7,2,4) (S 12,2,9) (D 0,1,1)
0 1 4 25 57 7  (D 0,1,1) (S 13,3,5) (S 10,5,2) (S 6,1,11) (S 25,6,11) (S 36,8,10) (D 0,1,1)
0 1 5 26 55 7  (D 0,1,1) (S 16,2,4) (S 15,4,2) (S 9,2,5) (S 27,5,7) (S 29,7,9) (D 0,1,1)
0 1 6 25 62 7  (D 0,1,1) (S 17,4,9) (S 5,9,1) (S 2,1,6) (S 24,6,10) (S 35,10,8) (D 0,1,1)
0 1 7 27 65 8  (D 0,1,1) (S 19,2,5) (S 14,3,11) (S 26,7,5) (S 20,5,7) (S 28,7,8) (S 30,8,10) (D 0,1,1)
