1379
8
0
0
0 1 1 68 122 14
(D 0,1,1) (S 1,1,7) (S 17,8,2) (S 2,2,3) (S 19,3,9) (S 35,9,14) (S 37,14,15) (S 38,15,14) (S 42,14,15) (S 40,15,10) (S 20,9,10) (S 24,10,9) (S 5,9,3) (D 0,1,1)
0 1 2 73 144 13
(D 0,1,1) (S 16,7,1) (S 6,4,5) (S 14,5,6) (S 13,6,5) (S 9,5,4) (S 8,4,10) (S 21,10,9) (S 4,3,9) (S 22,9,14) (S 34,14,9) (S 3,3,2) (D 0,1,1)
0 1 3 64 154 11
(D 0,1,1) (S 25,9,10) (S 26,10,15) (S 41,15,14) (S 72,25,31) (S 71,31,25) (S 61,25,31) (S 62,31,25) (S 60,25,26) (S 47,19,16) (D 0,1,1)
0 1 4 75 216 14
(D 0,1,1) (S 36,14,13) (S 33,13,23) (S 70,30,29) (S 67,29,34) (S 76,34,35) (S 77,34,38) (S 83,38,39) (S 84,39,35) (S 75,34,29) (S 66,29,23) (S 57,24,14) (S 39,14,24) (D 0,1,1)
0 1 5 69 170 13
(D 0,1,1) (S 43,15,16) (S 48,19,20) (S 52,22,21) (S 50,21,22) (S 51,22,21) (S 53,21,22) (S 54,22,28) (S 65,28,27) (S 64,27,20) (S 49,20,27) (S 44,16,19) (D 0,1,1)
0 1 6 68 151 15
(D 0,1,1) (S 46,11,17) (S 45,17,11) (S 29,11,17) (S 30,17,11) (S 28,11,12) (S 15,6,12) (S 31,12,11) (S 27,11,5) (S 11,5,6) (S 12,6,5) (S 7,5,4) (S 10,4,5) (S 18,9,3) (D 0,1,1)
0 1 7 75 170 10
(D 0,1,1) (S 69,24,30) (S 68,30,24) (S 56,23,24) (S 58,24,30) (S 59,30,24) (S 55,23,13) (S 32,13,14) (S 23,14,9) (D 0,1,1)
0 1 8 75 252 15
(D 0,1,1) (S 73,31,32) (S 85,39,40) (S 80,36,40) (S 86,40,36) (S 79,36,37) (S 88,41,37) (S 82,37,33) (S 87,36,40) (S 89,41,40) (S 81,40,36) (S 78,36,32) (S 74,32,26) (S 63,26,32) (D 0,1,1)
