1472
4
0
0
0 1 1 163 332 21
(D 0,1,1) (S 1,1,2) (S 8,2,9) (S 35,10,19) (S 64,19,15) (S 53,15,18) (S 101,30,25) (S 58,14,17) (S 43,13,17) (S 57,17,14) (S 47,14,15) (S 50,15,8) (S 24,8,9) (S 25,9,8) (S 26,8,14) (S 27,14,8) (S 14,8,5) (S 10,4,5) (S 12,5,4) (S 19,7,6) (D 0,1,1)
0 1 2 194 360 21
(D 0,1,1) (S 5,2,1) (S 6,1,2) (S 2,2,1) (S 4,1,8) (S 51,8,15) (S 52,15,9) (S 7,2,3) (S 23,5,8) (S 45,8,14) (S 44,14,8) (S 21,8,1) (S 3,1,5) (S 13,5,8) (S 31,8,9) (S 30,9,8) (S 28,8,15) (S 29,15,8) (S 22,8,5) (S 11,4,7) (D 0,1,1)
0 1 3 187 363 34
(D 0,1,1) (S 9,3,10) (S 33,10,3) (S 34,10,9) (S 32,9,15) (S 54,15,19) (S 65,19,18) (S 78,18,23) (S 100,23,30) (S 97,25,29) (S 98,29,30) (S 73,22,25) (S 84,25,22) (S 95,22,29) (S 94,29,22) (S 72,22,23) (S 62,23,18) (S 61,18,23) (S 80,23,30) (S 86,25,29) (S 96,29,25) (S 75,22,29) (S 87,29,25) (S 74,25,22) (S 85,22,25) (S 88,25,30) (S 99,30,23) (S 79,23,26) (S 81,30,23) (S 77,23,18) (S 63,18,26) (S 89,26,18) (S 60,18,19) (D 0,1,1)
0 1 4 179 417 33
(D 0,1,1) (S 20,7,12) (S 40,12,13) (S 41,12,16) (S 91,27,24) (S 82,24,21) (S 70,21,29) (S 76,29,22) (S 71,22,17) (S 49,17,14) (S 46,14,13) (S 42,13,14) (S 48,14,17) (S 59,17,16) (S 67,20,16) (S 68,16,20) (S 69,20,21) (S 83,24,28) (S 92,28,21) (S 93,28,27) (S 90,27,20) (S 56,20,16) (S 55,16,20) (S 66,20,11) (S 17,11,6) (S 15,6,4) (S 16,6,11) (S 36,11,6) (S 37,6,11) (S 38,11,12) (S 39,12,7) (S 18,7,4) (D 0,1,1)
