1409
5
0
0
0 1 1 91 147 10
(D 0,1,1) (S 1,1,2) (S 11,2,8) (S 8,7,1) (S 5,3,9) (S 10,8,2) (S 2,2,8) (S 3,8,2) (S 4,3,2) (D 0,1,1)
0 1 2 148 274 19
(D 0,1,1) (S 15,9,8) (S 9,7,13) (S 24,13,14) (S 23,14,13) (S 43,23,13) (S 49,23,24) (S 50,24,30) (S 45,24,23) (S 44,23,24) (S 48,24,23) (S 46,23,29) (S 47,24,14) (S 21,14,13) (S 20,13,14) (S 22,14,9) (S 6,9,3) (S 14,3,9) (D 0,1,1)
0 1 3 147 355 24
(D 0,1,1) (S 26,15,25) (S 52,25,31) (S 62,31,25) (S 57,26,32) (S 79,36,40) (S 85,40,41) (S 84,39,36) (S 77,36,32) (S 65,32,31) (S 66,31,35) (S 76,35,39) (S 83,39,35) (S 74,34,38) (S 82,38,34) (S 72,34,29) (S 53,31,25) (S 51,25,26) (S 60,26,27) (S 58,27,20) (S 33,17,20) (S 12,8,9) (S 13,9,3) (D 0,1,1)
0 1 4 170 336 21
(D 0,1,1) (S 32,16,17) (S 31,17,16) (S 28,16,17) (S 29,17,16) (S 27,16,11) (S 18,11,10) (S 16,10,4) (S 7,5,11) (S 25,15,10) (S 17,10,11) (S 42,22,21) (S 40,22,18) (S 35,18,22) (S 36,22,18) (S 34,18,17) (S 41,18,22) (S 39,21,20) (S 37,20,17) (S 19,11,12) (D 0,1,1)
0 1 5 129 297 21
(D 0,1,1) (S 63,25,31) (S 64,31,32) (S 67,32,31) (S 68,31,32) (S 69,32,36) (S 78,36,35) (S 75,35,34) (S 73,34,35) (S 59,27,26) (S 55,26,27) (S 56,27,26) (S 54,26,19) (S 38,20,27) (S 61,27,33) (S 70,33,37) (S 71,37,33) (S 81,33,37) (S 80,37,33) (S 30,16,19) (D 0,1,1)
