816
7
1909400
3341000
0 1 1 1 0 3  (D 0,1,1) (S 1,1,4) (D 0,1,1)
0 1 2 5 175 7  (D 0,1,1) (S 2,1,7) (S 18,7,12) (S 31,12,13) (S 6,3,5) (S 8,4,13) (D 0,1,1)
0 1 3 5 124 7  (D 0,1,1) (S 4,1,12) (S 3,1,10) (S 23,10,8) (S 19,8,10) (S 22,9,10) (D 0,1,1)
0 1 4 5 119 7  (D 0,1,1) (S 5,2,3) (S 7,3,13) (S 9,5,6) (S 14,7,6) (S 13,6,7) (D 0,1,1)
0 1 5 5 159 7  (D 0,1,1) (S 10,5,11) (S 27,11,5) (S 28,5,11) (S 29,11,10) (S 25,10,11) (D 0,1,1)
0 1 6 5 92 7  (D 0,1,1) (S 15,7,6) (S 16,6,7) (S 17,7,8) (S 24,8,10) (S 20,10,8) (D 0,1,1)
0 1 7 5 147 7  (D 0,1,1) (S 21,8,11) (S 26,11,10) (S 30,10,11) (S 11,11,5) (S 12,5,13) (D 0,1,1)
