1218
7
36517400
46258100
0 1 1 65 152 8  (D 0,1,1) (S 31,10,19) (S 57,19,10) (S 58,10,19) (S 59,19,15) (S 45,15,19) (S 30,15,10) (D 0,1,1)
0 1 2 65 185 10  (D 0,1,1) (S 4,1,2) (S 43,15,14) (S 44,14,15) (S 60,15,19) (S 46,19,15) (S 41,15,10) (S 24,9,10) (S 87,30,25) (D 0,1,1)
0 1 3 65 186 10  (D 0,1,1) (S 8,10,3) (S 7,3,10) (S 26,10,3) (S 27,3,10) (S 29,10,15) (S 23,9,2) (S 6,3,2) (S 67,22,29) (D 0,1,1)
0 1 4 65 178 10  (D 0,1,1) (S 10,8,5) (S 18,5,8) (S 17,8,5) (S 9,5,8) (S 11,6,7) (S 14,7,8) (S 21,8,13) (S 35,12,11) (D 0,1,1)
0 1 5 65 202 10  (D 0,1,1) (S 90,30,29) (S 81,28,27) (S 85,27,28) (S 84,28,27) (S 80,27,28) (S 82,28,24) (S 70,24,28) (S 13,7,4) (D 0,1,1)
0 1 6 64 152 10  (D 0,1,1) (S 1,1,2) (S 5,2,9) (S 39,15,14) (S 38,14,15) (S 51,18,17) (S 49,17,14) (S 48,17,13) (S 37,13,16) (D 0,1,1)
0 1 7 65 163 11  (D 0,1,1) (S 40,14,17) (S 52,17,22) (S 53,22,17) (S 65,22,25) (S 72,25,22) (S 75,26,18) (S 55,18,17) (S 50,17,18) (S 28,10,9) (D 0,1,1)
