1608
7
0
0
0 1 1 115 174 14
(D 0,1,1) (S 1,1,10) (S 25,10,1) (S 26,1,10) (S 2,10,1) (S 21,9,8) (S 20,8,13) (S 34,13,9) (S 18,8,9) (S 19,9,8) (S 22,8,9) (S 23,9,14) (S 36,14,9) (D 0,1,1)
0 1 2 137 243 24
(D 0,1,1) (S 27,10,5) (S 9,5,10) (S 7,5,1) (S 39,15,24) (S 58,24,29) (S 108,30,38) (S 139,46,45) (S 133,44,45) (S 146,49,48) (S 144,48,49) (S 145,49,48) (S 147,48,49) (S 148,49,50) (S 149,50,49) (S 135,45,48) (S 136,48,45) (S 131,45,44) (S 106,44,37) (S 103,37,38) (S 109,38,37) (S 76,29,30) (S 75,30,29) (D 0,1,1)
0 1 3 104 194 22
(D 0,1,1) (S 28,5,10) (S 10,10,5) (S 8,5,2) (S 3,2,5) (S 4,3,6) (S 11,6,7) (S 14,7,4) (S 5,4,7) (S 6,7,4) (S 15,4,7) (S 12,7,6) (S 13,6,11) (S 33,12,19) (S 46,19,12) (S 32,11,12) (S 31,12,11) (S 29,11,12) (S 30,12,11) (S 17,6,7) (S 16,7,6) (D 0,1,1)
0 1 4 132 245 27
(D 0,1,1) (S 45,18,19) (S 44,18,17) (S 41,17,16) (S 43,16,17) (S 42,17,16) (S 38,15,23) (S 55,23,24) (S 56,23,29) (S 77,30,38) (S 138,38,46) (S 134,45,46) (S 137,46,38) (S 104,38,37) (S 110,37,38) (S 111,38,46) (S 112,46,38) (S 78,38,30) (S 72,30,29) (S 79,30,39) (S 120,40,39) (S 115,39,40) (S 84,40,32) (S 83,32,40) (S 118,40,32) (S 119,32,40) (D 0,1,1)
0 1 5 140 280 32
(D 0,1,1) (S 70,28,36) (S 100,36,28) (S 52,28,22) (S 35,13,21) (S 49,21,22) (S 51,22,28) (S 66,28,22) (S 48,21,13) (S 50,21,26) (S 99,35,36) (S 101,36,35) (S 97,35,34) (S 96,34,42) (S 124,42,43) (S 126,43,42) (S 123,42,34) (S 88,34,33) (S 122,33,41) (S 121,41,33) (S 87,33,34) (S 91,34,26) (S 92,34,33) (S 94,34,35) (S 95,35,34) (S 98,34,35) (S 102,36,38) (S 107,38,30) (S 73,30,17) (S 40,16,17) (S 54,23,15) (D 0,1,1)
0 1 6 122 227 20
(D 0,1,1) (S 114,31,39) (S 141,39,47) (S 140,47,39) (S 113,39,31) (S 81,31,39) (S 116,39,47) (S 117,47,39) (S 82,39,31) (S 80,31,32) (S 67,22,28) (S 68,28,27) (S 69,28,29) (S 71,29,30) (S 74,30,24) (S 57,24,23) (S 53,23,14) (S 24,14,9) (S 37,9,14) (D 0,1,1)
0 1 7 140 245 24
(D 0,1,1) (S 128,37,44) (S 130,44,45) (S 143,45,48) (S 142,48,45) (S 132,45,44) (S 127,44,37) (S 105,37,44) (S 129,44,43) (S 125,43,35) (S 63,33,25) (S 59,25,20) (S 47,20,25) (S 60,25,26) (S 61,26,25) (S 62,25,33) (S 89,33,41) (S 90,41,33) (S 85,33,25) (S 65,25,26) (S 64,26,25) (S 86,25,33) (S 93,33,34) (D 0,1,1)
