851
12
0
0
0 1 1 27 57 6
(D 0,1,1) (S 1,1,3) (S 13,3,8) (S 23,8,3) (S 11,3,6) (D 0,1,1)
0 1 2 21 82 7
(D 0,1,1) (S 2,1,15) (S 39,15,20) (S 45,21,23) (S 46,22,23) (S 49,23,26) (D 0,1,1)
0 1 3 25 73 6
(D 0,1,1) (S 3,1,17) (S 40,17,1) (S 41,1,17) (S 31,12,19) (D 0,1,1)
0 1 4 24 72 6
(D 0,1,1) (S 19,5,6) (S 15,4,6) (S 12,6,3) (S 21,3,6) (D 0,1,1)
0 1 5 16 44 5
(D 0,1,1) (S 22,6,10) (S 16,4,10) (S 17,10,4) (D 0,1,1)
0 1 6 15 51 5
(D 0,1,1) (S 24,3,8) (S 25,8,9) (S 18,4,12) (D 0,1,1)
0 1 7 24 53 6
(D 0,1,1) (S 26,10,4) (S 9,12,2) (S 8,2,12) (S 7,2,1) (D 0,1,1)
0 1 8 27 97 10
(D 0,1,1) (S 28,12,2) (S 29,2,12) (S 30,12,13) (S 36,13,14) (S 37,14,16) (S 33,14,13) (S 32,13,14) (S 35,14,13) (D 0,1,1)
0 1 9 24 75 7
(D 0,1,1) (S 34,13,15) (S 38,15,17) (S 4,17,1) (S 5,1,24) (S 50,24,1) (D 0,1,1)
0 1 10 22 87 6
(D 0,1,1) (S 43,18,25) (S 42,18,21) (S 44,21,22) (S 47,22,25) (D 0,1,1)
0 1 11 20 77 6
(D 0,1,1) (S 52,24,27) (S 48,23,24) (S 6,24,1) (S 51,1,24) (D 0,1,1)
0 1 12 27 83 7
(D 0,1,1) (S 53,26,27) (S 14,8,3) (S 10,3,4) (S 27,4,10) (S 20,6,3) (D 0,1,1)
