130114
6
0
0
0 1 1 7915 18249 110
(D 0,1,1) (S 1,12,297) (S 26,318,193) (S 116,193,318) (S 115,318,193) (S 426,430,431) (S 425,431,430) (S 363,411,412) (S 364,412,411) (S 365,412,411) (S 366,411,412) (S 285,389,400) (S 286,400,389) (S 282,389,388) (S 281,388,389) (S 226,400,366) (S 223,366,365) (S 221,365,372) (S 587,491,481) (S 565,481,405) (S 350,405,406) (S 349,406,405) (S 343,405,288) (S 580,288,487) (S 398,288,420) (S 397,420,288) (S 63,288,420) (S 64,420,288) (S 61,288,405) (S 566,405,481) (S 348,481,405) (S 347,405,481) (S 345,405,406) (S 346,406,405) (S 62,405,288) (S 585,490,489) (S 586,489,490) (S 584,490,489) (S 583,489,490) (S 399,421,422) (S 400,422,421) (S 401,422,421) (S 402,421,422) (S 577,486,485) (S 575,485,486) (S 576,486,485) (S 578,485,486) (S 579,487,288) (S 65,288,487) (S 66,487,288) (S 344,288,405) (S 567,481,491) (S 568,491,481) (S 588,481,491) (S 513,462,289) (S 67,289,462) (S 68,462,289) (S 514,289,462) (S 41,222,178) (S 21,178,222) (S 22,222,178) (S 42,178,222) (S 413,426,425) (S 490,425,454) (S 489,454,425) (S 39,213,459) (S 501,459,213) (S 591,493,243) (S 45,243,493) (S 43,243,492) (S 589,492,243) (S 592,243,493) (S 46,493,243) (S 44,492,243) (S 590,243,492) (S 40,459,213) (S 502,213,459) (S 481,450,404) (S 341,404,450) (S 336,404,403) (S 486,203,452) (S 485,452,203) (S 29,203,452) (S 30,452,203) (S 245,371,438) (S 246,438,371) (S 237,370,371) (S 242,488,370) (S 582,370,488) (S 448,371,438) (S 447,438,371) (S 238,371,370) (S 244,370,371) (S 243,371,370) (S 574,370,484) (S 573,484,370) (S 239,370,484) (S 240,484,370) (S 241,370,488) (S 581,488,370) (S 335,403,404) (S 362,403,410) (S 361,410,403) (S 337,403,410) (S 338,410,403) (S 340,403,404) (S 482,404,450) (S 342,450,404) (S 339,404,403) (D 0,1,1)
0 1 2 7957 39675 147
(D 0,1,1) (S 25,193,318) (S 7,34,33) (S 5,33,34) (S 6,34,33) (S 8,33,34) (S 124,15,321) (S 123,321,15) (S 3,15,321) (S 4,321,15) (S 113,317,316) (S 114,316,317) (S 112,317,316) (S 111,316,317) (S 99,310,311) (S 100,311,310) (S 101,311,310) (S 102,310,311) (S 127,323,322) (S 125,322,323) (S 126,323,322) (S 128,322,323) (S 251,374,373) (S 252,373,374) (S 250,374,373) (S 249,373,374) (S 97,309,308) (S 95,308,309) (S 96,309,308) (S 98,308,309) (S 184,349,348) (S 183,348,349) (S 185,349,348) (S 186,348,349) (S 143,330,46) (S 147,332,331) (S 145,331,332) (S 146,332,331) (S 148,331,332) (S 9,46,330) (S 10,330,46) (S 144,46,330) (S 12,326,80) (S 11,80,326) (S 133,326,80) (S 134,80,326) (S 177,345,346) (S 178,346,345) (S 179,346,345) (S 180,345,346) (S 553,475,474) (S 551,474,475) (S 552,475,474) (S 554,474,475) (S 475,448,447) (S 473,447,448) (S 474,448,447) (S 476,447,448) (S 477,448,480) (S 478,480,448) (S 563,480,448) (S 564,448,480) (S 277,386,385) (S 275,385,386) (S 276,386,385) (S 278,385,386) (S 129,324,325) (S 130,325,324) (S 131,325,324) (S 132,324,325) (S 193,353,354) (S 194,354,353) (S 195,354,353) (S 196,353,354) (S 106,312,313) (S 105,313,312) (S 103,312,313) (S 104,313,312) (S 87,304,305) (S 88,305,304) (S 89,305,304) (S 90,304,305) (S 13,89,329) (S 14,329,89) (S 142,89,329) (S 141,329,89) (S 161,339,340) (S 162,340,339) (S 164,339,340) (S 163,340,339) (S 523,466,467) (S 524,467,466) (S 525,467,466) (S 526,466,467) (S 451,440,439) (S 449,439,440) (S 450,440,439) (S 452,439,440) (S 27,196,429) (S 28,429,196) (S 421,429,196) (S 422,196,429) (S 549,473,428) (S 550,428,473) (S 420,473,428) (S 419,428,473) (S 417,428,427) (S 418,427,428) (S 416,428,427) (S 415,427,428) (S 264,469,379) (S 266,379,380) (S 265,380,379) (S 261,379,380) (S 262,380,379) (S 263,379,469) (S 533,469,379) (S 268,382,381) (S 333,402,401) (S 331,401,402) (S 332,402,401) (S 334,401,402) (S 23,185,387) (S 24,387,185) (S 280,185,387) (S 279,387,185) (S 354,409,407) (S 356,407,408) (S 355,408,407) (S 199,356,355) (S 197,355,356) (S 198,356,355) (S 200,355,356) (S 351,407,408) (S 352,408,407) (S 353,407,409) (S 359,409,407) (S 360,407,409) (S 357,408,419) (S 358,419,408) (S 395,419,408) (S 396,408,419) (S 267,381,382) (S 270,381,382) (S 534,379,469) (S 269,382,381) (D 0,1,1)
0 1 3 1182 10780 29
(D 0,1,1) (S 73,297,12) (S 74,12,297) (S 2,297,12) (S 69,295,296) (S 70,296,295) (S 71,296,295) (S 72,295,296) (S 94,306,307) (S 93,307,306) (S 92,307,306) (S 91,306,307) (S 77,299,298) (S 75,298,299) (S 76,299,298) (S 78,298,299) (S 110,314,315) (S 109,315,314) (S 107,314,315) (S 108,315,314) (S 81,301,300) (S 79,300,301) (S 80,301,300) (S 82,300,301) (S 83,302,303) (S 84,303,302) (S 86,302,303) (S 85,303,302) (D 0,1,1)
0 1 4 7992 18908 105
(D 0,1,1) (S 319,397,415) (S 320,415,397) (S 302,397,393) (S 299,393,394) (S 318,393,397) (S 288,391,390) (S 292,390,391) (S 297,392,391) (S 305,394,393) (S 386,397,415) (S 383,415,394) (S 293,391,392) (S 307,394,415) (S 289,390,453) (S 487,453,390) (S 308,415,394) (S 291,391,390) (S 295,391,394) (S 296,394,391) (S 298,391,392) (S 384,394,415) (S 290,453,390) (S 488,390,453) (S 385,415,397) (S 317,397,393) (S 301,393,397) (S 287,390,391) (S 294,392,391) (S 303,394,391) (S 304,391,394) (S 300,394,393) (S 306,393,394) (S 445,437,207) (S 35,207,437) (S 36,437,207) (S 446,207,437) (S 423,430,431) (S 424,431,430) (S 330,389,400) (S 327,400,366) (S 224,365,366) (S 220,366,365) (S 219,365,366) (S 17,102,333) (S 18,333,102) (S 149,333,102) (S 150,102,333) (S 248,365,372) (S 433,433,432) (S 434,432,433) (S 436,432,434) (S 435,434,432) (S 429,432,434) (S 430,434,432) (S 427,432,433) (S 428,433,432) (S 431,432,479) (S 432,479,432) (S 562,432,479) (S 561,479,432) (S 328,366,400) (S 225,366,400) (S 222,372,365) (S 329,400,389) (S 283,389,388) (S 284,388,389) (S 247,372,365) (S 519,464,465) (S 504,461,460) (S 510,460,461) (S 520,465,464) (S 437,435,436) (S 555,476,205) (S 33,205,476) (S 32,461,205) (S 508,205,461) (S 506,482,460) (S 503,460,461) (S 560,461,478) (S 559,478,461) (S 511,461,478) (S 512,478,461) (S 509,461,460) (S 570,460,482) (S 443,436,458) (S 444,458,436) (S 500,436,458) (S 499,458,436) (S 557,477,435) (S 558,435,477) (S 441,436,435) (S 522,464,465) (S 507,461,205) (S 556,205,476) (S 34,476,205) (S 31,205,461) (S 521,465,464) (S 438,436,435) (S 569,482,460) (S 505,460,482) (S 439,435,477) (S 440,477,435) (S 442,435,436) (D 0,1,1)
0 1 5 7938 21667 111
(D 0,1,1) (S 391,417,416) (S 484,416,451) (S 483,451,416) (S 387,416,417) (S 388,417,416) (S 389,416,451) (S 390,451,416) (S 187,350,273) (S 188,273,350) (S 212,327,362) (S 211,362,327) (S 136,328,327) (S 137,327,362) (S 138,362,327) (S 135,327,328) (S 139,328,327) (S 140,327,328) (S 203,358,359) (S 204,359,358) (S 205,359,358) (S 206,358,359) (S 181,347,262) (S 218,363,364) (S 217,364,363) (S 213,363,279) (S 57,279,363) (S 215,363,364) (S 216,364,363) (S 58,363,279) (S 214,279,363) (S 257,377,378) (S 258,378,377) (S 260,377,378) (S 259,378,377) (S 191,352,344) (S 175,344,352) (S 49,262,347) (S 176,352,344) (S 173,344,343) (S 169,343,273) (S 55,273,350) (S 56,350,273) (S 170,273,343) (S 174,343,344) (S 172,344,343) (S 54,343,273) (S 53,273,343) (S 171,343,344) (S 165,341,342) (S 166,342,341) (S 167,342,341) (S 168,341,342) (S 192,344,352) (S 50,347,262) (S 182,262,347) (S 201,357,284) (S 59,284,357) (S 60,357,284) (S 202,284,357) (S 209,361,360) (S 210,360,361) (S 208,361,360) (S 207,360,361) (S 155,336,259) (S 47,259,336) (S 48,336,259) (S 156,259,336) (S 117,319,264) (S 51,264,319) (S 19,141,367) (S 227,367,141) (S 118,264,319) (S 52,319,264) (S 20,367,141) (S 228,141,367) (S 119,319,320) (S 120,320,319) (S 121,320,319) (S 122,319,320) (S 255,376,375) (S 253,375,376) (S 254,376,375) (S 256,375,376) (S 409,425,426) (S 410,426,425) (S 411,425,454) (S 412,454,425) (S 37,213,445) (S 472,445,446) (S 471,446,445) (S 465,445,213) (S 492,445,455) (S 491,455,445) (S 469,445,455) (S 470,455,445) (S 467,445,446) (S 468,446,445) (S 38,445,213) (S 466,213,445) (S 414,425,426) (S 498,399,457) (S 497,457,399) (S 323,399,398) (S 321,398,399) (S 325,399,457) (S 326,457,399) (S 322,399,398) (S 324,398,399) (S 392,416,417) (D 0,1,1)
0 1 6 7948 20835 102
(D 0,1,1) (S 541,471,470) (S 537,470,472) (S 538,472,470) (S 542,470,471) (S 376,413,414) (S 369,413,414) (S 312,413,395) (S 380,471,414) (S 371,413,418) (S 393,418,413) (S 516,395,463) (S 572,463,483) (S 571,483,463) (S 461,443,444) (S 462,444,443) (S 463,444,443) (S 464,443,444) (S 515,463,395) (S 313,395,463) (S 517,463,483) (S 518,483,463) (S 314,463,395) (S 316,395,396) (S 315,396,395) (S 309,395,396) (S 310,396,395) (S 311,395,413) (S 536,471,470) (S 535,470,471) (S 375,414,413) (S 368,395,413) (S 539,471,414) (S 372,418,413) (S 394,413,418) (S 544,414,472) (S 540,414,471) (S 373,413,468) (S 527,468,369) (S 495,456,423) (S 496,423,456) (S 233,369,456) (S 234,456,369) (S 235,369,468) (S 546,468,472) (S 532,472,468) (S 236,468,369) (S 493,456,369) (S 494,369,456) (S 406,456,423) (S 408,423,424) (S 407,424,423) (S 159,338,337) (S 157,337,338) (S 158,338,337) (S 160,337,338) (S 273,384,383) (S 271,383,384) (S 272,384,383) (S 274,383,384) (S 403,423,424) (S 404,424,423) (S 405,423,456) (S 231,369,368) (S 232,368,369) (S 230,369,368) (S 229,368,369) (S 189,351,101) (S 15,101,351) (S 16,351,101) (S 190,101,351) (S 152,335,334) (S 151,334,335) (S 153,335,334) (S 154,334,335) (S 528,369,468) (S 548,470,472) (S 545,472,468) (S 374,468,413) (S 530,413,468) (S 529,468,413) (S 531,468,472) (S 382,472,414) (S 381,414,472) (S 547,472,470) (S 543,472,414) (S 454,414,441) (S 480,441,449) (S 479,449,441) (S 457,441,449) (S 458,449,441) (S 455,441,442) (S 456,442,441) (S 378,441,414) (S 377,414,441) (S 460,441,442) (S 459,442,441) (S 453,441,414) (S 379,414,471) (S 370,414,413) (S 367,413,395) (D 0,1,1)
