1190
7
130722200
145946600
0 1 1 72 144 13  (D 0,1,1) (S 2,2,3) (S 8,3,9) (S 30,9,15) (S 83,23,15) (S 56,16,9) (S 28,9,10) (S 26,9,3) (S 6,3,2) (S 20,2,7) (S 22,7,13) (S 37,12,13) (D 0,1,1)
0 1 2 75 187 16  (D 0,1,1) (S 16,6,7) (S 5,7,2) (S 4,2,7) (S 21,7,8) (S 46,14,8) (S 24,8,14) (S 57,16,15) (S 81,22,21) (S 99,27,30) (S 109,30,34) (S 12,6,5) (S 97,26,29) (S 96,26,18) (S 153,47,40) (D 0,1,1)
0 1 3 75 171 15  (D 0,1,1) (S 18,6,13) (S 75,21,20) (S 72,20,19) (S 100,30,27) (S 108,27,30) (S 122,40,33) (S 118,33,34) (S 106,33,29) (S 121,33,40) (S 155,48,47) (S 154,47,48) (S 142,41,49) (S 143,42,44) (D 0,1,1)
0 1 4 73 151 14  (D 0,1,1) (S 25,14,8) (S 23,8,7) (S 19,7,2) (S 7,2,3) (S 27,3,9) (S 34,9,10) (S 29,10,9) (S 32,9,16) (S 86,24,23) (S 111,31,23) (S 85,23,31) (S 13,6,1) (D 0,1,1)
0 1 5 75 167 15  (D 0,1,1) (S 40,13,7) (S 47,8,14) (S 58,15,16) (S 88,25,24) (S 87,24,25) (S 64,25,17) (S 63,17,25) (S 102,25,28) (S 101,28,25) (S 95,28,25) (S 94,25,28) (S 112,31,32) (S 144,43,45) (D 0,1,1)
0 1 6 75 190 15  (D 0,1,1) (S 156,48,47) (S 157,47,48) (S 158,48,49) (S 160,49,50) (S 164,50,45) (S 149,45,38) (S 145,43,50) (S 148,50,44) (S 163,44,50) (S 162,50,44) (S 147,44,50) (S 161,50,43) (S 150,45,50) (D 0,1,1)
0 1 7 75 180 16  (D 0,1,1) (S 15,5,6) (S 110,31,22) (S 82,22,31) (S 113,31,37) (S 115,37,32) (S 134,37,32) (S 114,32,37) (S 133,36,42) (S 131,36,35) (S 132,35,36) (S 146,44,42) (S 129,36,35) (S 130,35,41) (S 159,49,41) (D 0,1,1)
