65661
73
0
0
0 1 1 116 428 8
(D 0,1,1) (S 1,1,116) (S 309,116,1) (S 306,115,114) (S 301,113,112) (S 299,112,113) (S 304,114,115) (D 0,1,1)
0 1 2 119 870 5
(D 0,1,1) (S 4,4,124) (S 3,3,128) (S 351,129,127) (D 0,1,1)
0 1 3 115 1252 7
(D 0,1,1) (S 11,8,9) (S 13,9,8) (S 5,5,6) (S 8,6,8) (S 107,43,46) (D 0,1,1)
0 1 4 120 1334 7
(D 0,1,1) (S 12,8,11) (S 7,6,7) (S 9,7,6) (S 6,6,5) (S 111,45,34) (D 0,1,1)
0 1 5 117 1132 6
(D 0,1,1) (S 24,12,20) (S 42,20,12) (S 22,12,11) (S 21,11,33) (D 0,1,1)
0 1 6 115 1227 11
(D 0,1,1) (S 27,13,16) (S 34,16,15) (S 36,17,15) (S 33,16,13) (S 26,13,14) (S 29,14,13) (S 25,13,12) (S 113,45,60) (S 119,47,46) (D 0,1,1)
0 1 7 120 1301 10
(D 0,1,1) (S 32,15,17) (S 17,10,19) (S 40,19,10) (S 14,9,10) (S 16,10,15) (S 30,15,10) (S 31,15,16) (S 114,46,43) (D 0,1,1)
0 1 8 120 1254 5
(D 0,1,1) (S 43,20,21) (S 46,21,20) (S 79,34,45) (D 0,1,1)
0 1 9 120 1384 5
(D 0,1,1) (S 47,21,23) (S 49,23,21) (S 44,20,22) (D 0,1,1)
0 1 10 114 1245 6
(D 0,1,1) (S 56,25,26) (S 58,26,23) (S 73,31,30) (S 69,30,28) (D 0,1,1)
0 1 11 118 1333 6
(D 0,1,1) (S 71,30,32) (S 74,32,30) (S 61,27,11) (S 15,10,9) (D 0,1,1)
0 1 12 119 1230 7
(D 0,1,1) (S 76,33,29) (S 62,27,25) (S 55,25,24) (S 45,20,24) (S 67,29,28) (D 0,1,1)
0 1 13 119 1067 7
(D 0,1,1) (S 88,37,36) (S 85,36,37) (S 81,35,34) (S 374,139,33) (S 115,46,47) (D 0,1,1)
0 1 14 120 1342 7
(D 0,1,1) (S 90,37,43) (S 50,23,24) (S 52,24,20) (S 48,22,20) (S 192,73,74) (D 0,1,1)
0 1 15 115 943 5
(D 0,1,1) (S 99,41,40) (S 100,41,47) (S 118,47,42) (D 0,1,1)
0 1 16 118 1150 12
(D 0,1,1) (S 106,43,44) (S 19,11,12) (S 23,12,13) (S 28,13,17) (S 37,17,18) (S 39,18,19) (S 41,19,18) (S 38,18,17) (S 35,17,13) (S 202,77,76) (D 0,1,1)
0 1 17 120 950 6
(D 0,1,1) (S 110,44,73) (S 190,73,44) (S 108,44,43) (S 83,35,37) (D 0,1,1)
0 1 18 117 942 4
(D 0,1,1) (S 117,47,41) (S 96,40,39) (D 0,1,1)
0 1 19 114 1030 9
(D 0,1,1) (S 135,54,140) (S 132,53,52) (S 131,52,53) (S 130,52,51) (S 129,51,52) (S 133,53,140) (S 378,140,53) (D 0,1,1)
0 1 20 116 958 6
(D 0,1,1) (S 140,56,57) (S 142,57,56) (S 134,54,55) (S 293,110,107) (D 0,1,1)
0 1 21 120 878 6
(D 0,1,1) (S 143,57,58) (S 146,58,59) (S 148,59,58) (S 145,58,57) (D 0,1,1)
0 1 22 108 1042 6
(D 0,1,1) (S 150,59,61) (S 122,48,139) (S 75,33,11) (S 103,42,47) (D 0,1,1)
0 1 23 119 1014 8
(D 0,1,1) (S 153,60,61) (S 121,48,50) (S 127,50,51) (S 128,51,50) (S 126,50,48) (S 181,70,69) (D 0,1,1)
0 1 24 114 900 9
(D 0,1,1) (S 166,65,56) (S 137,55,56) (S 138,55,140) (S 379,140,54) (S 380,140,55) (S 139,56,55) (S 141,56,65) (D 0,1,1)
0 1 25 115 818 7
(D 0,1,1) (S 171,66,101) (S 161,63,64) (S 165,64,93) (S 248,93,63) (S 162,63,93) (D 0,1,1)
0 1 26 115 836 6
(D 0,1,1) (S 186,71,75) (S 197,75,76) (S 198,76,74) (S 194,74,73) (D 0,1,1)
0 1 27 116 830 6
(D 0,1,1) (S 195,74,76) (S 199,76,75) (S 196,75,71) (S 183,71,69) (D 0,1,1)
0 1 28 115 1299 8
(D 0,1,1) (S 200,76,77) (S 53,24,23) (S 51,23,26) (S 60,26,31) (S 72,31,26) (S 66,28,30) (D 0,1,1)
0 1 29 120 1279 7
(D 0,1,1) (S 203,77,78) (S 70,30,31) (S 59,26,25) (S 54,24,25) (S 64,28,27) (D 0,1,1)
0 1 30 120 908 9
(D 0,1,1) (S 204,78,77) (S 89,37,42) (S 101,42,37) (S 87,37,35) (S 86,36,38) (S 91,38,36) (S 84,36,35) (D 0,1,1)
0 1 31 109 992 8
(D 0,1,1) (S 206,79,78) (S 116,46,77) (S 80,34,139) (S 77,33,139) (S 112,45,44) (S 102,42,43) (D 0,1,1)
0 1 32 119 1169 9
(D 0,1,1) (S 222,84,82) (S 205,78,79) (S 109,44,45) (S 20,11,27) (S 57,25,27) (S 63,27,28) (S 65,28,29) (D 0,1,1)
0 1 33 119 778 9
(D 0,1,1) (S 227,85,86) (S 218,82,92) (S 245,92,82) (S 212,81,79) (S 207,79,80) (S 208,79,81) (S 214,81,83) (D 0,1,1)
0 1 34 117 692 10
(D 0,1,1) (S 228,86,85) (S 223,84,83) (S 219,83,81) (S 213,81,80) (S 211,80,82) (S 215,82,80) (S 224,84,85) (S 226,85,84) (D 0,1,1)
0 1 35 117 714 8
(D 0,1,1) (S 230,86,88) (S 233,88,86) (S 221,83,84) (S 216,82,83) (S 220,83,82) (S 217,82,84) (D 0,1,1)
0 1 36 104 679 5
(D 0,1,1) (S 238,90,68) (S 174,67,69) (S 172,67,66) (D 0,1,1)
0 1 37 120 758 5
(D 0,1,1) (S 241,91,66) (S 144,57,62) (S 159,62,66) (D 0,1,1)
0 1 38 107 679 7
(D 0,1,1) (S 243,91,103) (S 276,103,102) (S 253,94,100) (S 267,100,94) (S 254,94,101) (D 0,1,1)
0 1 39 111 796 5
(D 0,1,1) (S 244,91,118) (S 158,62,63) (S 170,66,91) (D 0,1,1)
0 1 40 113 874 8
(D 0,1,1) (S 256,95,96) (S 259,96,99) (S 266,99,100) (S 265,99,97) (S 260,97,96) (S 257,96,95) (D 0,1,1)
0 1 41 118 834 9
(D 0,1,1) (S 271,101,102) (S 251,94,93) (S 250,93,94) (S 249,93,64) (S 164,64,65) (S 167,65,64) (S 163,64,63) (D 0,1,1)
0 1 42 120 831 9
(D 0,1,1) (S 272,102,101) (S 268,100,99) (S 258,96,97) (S 261,97,98) (S 263,98,97) (S 262,97,99) (S 264,99,96) (D 0,1,1)
0 1 43 120 692 7
(D 0,1,1) (S 283,106,107) (S 284,106,108) (S 289,108,106) (S 279,104,105) (S 307,115,116) (D 0,1,1)
0 1 44 113 1079 4
(D 0,1,1) (S 292,109,108) (S 136,55,54) (D 0,1,1)
0 1 45 113 602 9
(D 0,1,1) (S 294,110,111) (S 296,111,110) (S 295,110,112) (S 286,107,108) (S 290,108,107) (S 285,107,106) (S 287,107,110) (D 0,1,1)
0 1 46 118 838 6
(D 0,1,1) (S 298,112,110) (S 252,94,95) (S 255,95,94) (S 160,63,62) (D 0,1,1)
0 1 47 119 854 8
(D 0,1,1) (S 302,113,114) (S 274,102,104) (S 269,101,66) (S 168,66,62) (S 157,62,57) (S 242,91,90) (D 0,1,1)
0 1 48 114 655 7
(D 0,1,1) (S 303,114,113) (S 278,104,102) (S 273,102,103) (S 275,103,91) (S 239,90,88) (D 0,1,1)
0 1 49 109 735 6
(D 0,1,1) (S 305,114,118) (S 169,66,67) (S 173,67,68) (S 175,68,67) (D 0,1,1)
0 1 50 109 719 6
(D 0,1,1) (S 308,115,117) (S 180,70,58) (S 147,58,70) (S 176,68,90) (D 0,1,1)
0 1 51 117 879 5
(D 0,1,1) (S 310,116,115) (S 291,108,109) (S 270,101,94) (D 0,1,1)
0 1 52 118 948 9
(D 0,1,1) (S 311,116,117) (S 178,69,70) (S 149,59,60) (S 152,60,59) (S 156,61,60) (S 151,60,45) (S 105,43,42) (D 0,1,1)
0 1 53 118 677 6
(D 0,1,1) (S 313,117,115) (S 300,113,103) (S 277,103,113) (S 280,105,104) (D 0,1,1)
0 1 54 118 845 11
(D 0,1,1) (S 314,117,116) (S 185,71,72) (S 189,72,74) (S 193,74,72) (S 188,72,73) (S 191,73,72) (S 187,72,71) (S 184,71,70) (S 179,69,71) (D 0,1,1)
0 1 55 114 468 5
(D 0,1,1) (S 315,117,118) (S 319,118,117) (S 2,2,117) (D 0,1,1)
0 1 56 110 470 8
(D 0,1,1) (S 316,117,119) (S 324,120,121) (S 327,121,120) (S 323,120,119) (S 321,119,117) (S 312,117,2) (D 0,1,1)
0 1 57 102 568 9
(D 0,1,1) (S 317,118,91) (S 234,88,89) (S 237,89,92) (S 247,92,89) (S 236,89,88) (S 235,88,90) (S 240,90,91) (D 0,1,1)
0 1 58 114 642 7
(D 0,1,1) (S 318,118,114) (S 282,106,105) (S 281,105,106) (S 288,107,112) (S 297,112,107) (D 0,1,1)
0 1 59 100 706 7
(D 0,1,1) (S 320,118,121) (S 232,87,122) (S 225,84,92) (S 246,92,84) (S 210,80,81) (D 0,1,1)
0 1 60 120 950 12
(D 0,1,1) (S 322,119,120) (S 209,80,79) (S 201,77,46) (S 104,43,37) (S 95,39,40) (S 97,40,41) (S 98,41,38) (S 92,38,39) (S 94,39,38) (S 93,38,41) (D 0,1,1)
0 1 61 72 474 5
(D 0,1,1) (S 325,120,123) (S 334,123,124) (S 338,124,126) (D 0,1,1)
0 1 62 106 960 7
(D 0,1,1) (S 326,121,118) (S 123,49,48) (S 125,49,140) (S 377,140,49) (S 155,61,59) (D 0,1,1)
0 1 63 118 1236 6
(D 0,1,1) (S 328,121,122) (S 68,29,33) (S 18,11,8) (S 10,8,6) (D 0,1,1)
0 1 64 117 1008 10
(D 0,1,1) (S 329,122,87) (S 231,87,86) (S 376,139,48) (S 120,48,49) (S 124,49,61) (S 154,61,49) (S 182,70,71) (S 177,69,67) (D 0,1,1)
0 1 65 103 635 7
(D 0,1,1) (S 331,122,123) (S 371,138,125) (S 339,125,123) (S 229,86,87) (S 332,123,120) (D 0,1,1)
0 1 66 120 672 8
(D 0,1,1) (S 335,123,125) (S 340,125,138) (S 368,136,137) (S 370,137,136) (S 369,136,138) (S 373,138,136) (D 0,1,1)
0 1 67 119 687 6
(D 0,1,1) (S 336,124,4) (S 337,124,123) (S 333,123,122) (S 330,122,121) (D 0,1,1)
0 1 68 118 710 7
(D 0,1,1) (S 346,127,128) (S 345,127,126) (S 343,126,130) (S 353,130,126) (S 341,126,124) (D 0,1,1)
0 1 69 120 794 7
(D 0,1,1) (S 350,128,129) (S 352,129,128) (S 348,128,3) (S 349,128,127) (S 347,127,129) (D 0,1,1)
0 1 70 107 739 8
(D 0,1,1) (S 356,131,138) (S 362,134,133) (S 361,133,135) (S 365,135,133) (S 359,133,132) (S 357,132,131) (D 0,1,1)
0 1 71 107 722 8
(D 0,1,1) (S 367,136,134) (S 358,132,133) (S 363,134,135) (S 366,135,134) (S 360,133,134) (S 364,134,136) (D 0,1,1)
0 1 72 119 745 7
(D 0,1,1) (S 372,138,131) (S 354,131,126) (S 342,126,127) (S 344,126,131) (S 355,131,132) (D 0,1,1)
0 1 73 112 980 5
(D 0,1,1) (S 375,139,34) (S 78,34,35) (S 82,35,36) (D 0,1,1)
