1591
5
0
0
0 1 1 151 239 15
(D 0,1,1) (S 1,1,2) (S 20,2,8) (S 19,8,2) (S 3,2,1) (S 5,2,8) (S 6,8,2) (S 2,1,7) (S 4,2,3) (S 12,3,4) (S 11,4,3) (S 7,3,4) (S 8,4,3) (S 9,3,9) (D 0,1,1)
0 1 2 155 381 27
(D 0,1,1) (S 25,9,8) (S 21,8,7) (S 55,23,24) (S 59,24,23) (S 57,23,29) (S 79,29,30) (S 65,24,25) (S 66,25,26) (S 72,26,27) (S 73,27,33) (S 87,33,27) (S 92,36,35) (S 89,35,34) (S 99,38,39) (S 96,39,35) (S 90,35,39) (S 97,39,36) (S 91,36,32) (S 82,32,31) (S 80,31,30) (S 77,30,29) (S 63,24,30) (S 78,30,29) (S 35,15,10) (S 39,16,19) (D 0,1,1)
0 1 3 170 343 24
(D 0,1,1) (S 27,10,11) (S 31,11,17) (S 44,17,20) (S 75,28,27) (S 70,27,26) (S 67,26,19) (S 48,20,27) (S 43,17,18) (S 53,22,21) (S 54,22,28) (S 74,28,22) (S 46,22,18) (S 45,18,22) (S 49,21,20) (S 47,20,17) (S 41,17,16) (S 37,16,17) (S 38,17,16) (S 36,16,11) (S 28,11,5) (S 13,4,10) (S 23,9,3) (D 0,1,1)
0 1 4 137 253 21
(D 0,1,1) (S 42,16,17) (S 40,17,11) (S 30,11,12) (S 32,12,6) (S 33,12,11) (S 29,11,10) (S 26,10,4) (S 18,5,6) (S 17,6,5) (S 14,5,6) (S 15,6,5) (S 16,5,11) (S 60,23,24) (S 61,24,25) (S 64,25,24) (S 58,24,14) (S 34,14,9) (S 10,9,3) (S 24,3,9) (D 0,1,1)
0 1 5 170 375 24
(D 0,1,1) (S 52,18,22) (S 51,22,18) (S 50,21,27) (S 83,31,35) (S 100,40,41) (S 101,41,40) (S 98,39,38) (S 94,38,39) (S 95,39,38) (S 93,38,34) (S 88,34,29) (S 76,29,30) (S 86,31,32) (S 85,32,31) (S 81,31,32) (S 84,32,26) (S 69,26,27) (S 71,27,26) (S 68,26,25) (S 62,25,24) (S 56,24,23) (S 22,8,9) (D 0,1,1)
