474
5
0
0
0 1 1 47 106 20
(D 0,1,1) (S 1,2,4) (S 3,3,4) (S 2,4,2) (S 6,2,4) (S 5,4,2) (S 65,20,23) (S 62,21,24) (S 35,11,15) (S 42,15,11) (S 34,11,12) (S 37,12,16) (S 45,16,17) (S 47,17,13) (S 39,13,12) (S 44,12,16) (S 49,16,17) (S 48,17,16) (S 43,16,12) (D 0,1,1)
0 1 2 44 105 16
(D 0,1,1) (S 4,3,9) (S 21,9,10) (S 33,10,11) (S 32,11,10) (S 12,5,6) (S 14,6,12) (S 36,12,13) (S 40,13,14) (S 50,18,14) (S 41,14,8) (S 20,8,14) (S 51,18,17) (S 46,17,16) (S 38,16,12) (D 0,1,1)
0 1 3 50 94 13
(D 0,1,1) (S 13,6,7) (S 19,7,8) (S 18,8,7) (S 16,7,8) (S 17,8,7) (S 15,7,6) (S 8,6,5) (S 7,5,6) (S 11,6,5) (S 9,5,10) (S 22,10,9) (D 0,1,1)
0 1 4 46 78 16
(D 0,1,1) (S 27,9,10) (S 55,10,20) (S 53,20,19) (S 52,19,20) (S 59,20,23) (S 69,23,24) (S 68,24,23) (S 66,23,24) (S 67,24,23) (S 64,23,20) (S 58,20,21) (S 61,21,20) (S 56,20,19) (S 57,19,20) (D 0,1,1)
0 1 5 45 91 14
(D 0,1,1) (S 63,22,23) (S 60,23,20) (S 54,20,10) (S 28,10,11) (S 29,11,10) (S 10,10,5) (S 25,5,10) (S 24,10,5) (S 30,10,20) (S 31,20,10) (S 26,10,9) (S 23,9,19) (D 0,1,1)
