561
7
0
0
0 1 1 25 85 9
(D 0,1,1) (S 1,1,17) (S 12,6,10) (S 18,10,11) (S 11,7,6) (S 10,6,7) (S 13,7,6) (S 14,6,7) (D 0,1,1)
0 1 2 24 68 6
(D 0,1,1) (S 4,1,27) (S 33,24,27) (S 5,27,1) (S 2,1,19) (D 0,1,1)
0 1 3 25 90 8
(D 0,1,1) (S 7,3,8) (S 15,8,9) (S 9,9,5) (S 8,5,9) (S 16,9,5) (S 17,5,9) (D 0,1,1)
0 1 4 26 91 8
(D 0,1,1) (S 19,12,13) (S 21,14,20) (S 26,20,21) (S 20,14,16) (S 22,16,17) (S 24,19,1) (D 0,1,1)
0 1 5 16 42 5
(D 0,1,1) (S 25,1,19) (S 3,19,1) (S 6,2,1) (D 0,1,1)
0 1 6 26 89 8
(D 0,1,1) (S 35,21,25) (S 34,25,21) (S 28,21,23) (S 31,22,23) (S 32,23,26) (S 36,27,1) (D 0,1,1)
0 1 7 23 96 7
(D 0,1,1) (S 37,1,27) (S 23,18,21) (S 29,21,25) (S 30,25,21) (S 27,21,22) (D 0,1,1)
