1014
7
1095900
6288100
0 1 1 19 43 4  (D 0,1,1) (S 2,1,3) (S 1,1,2) (D 0,1,1)
0 1 2 30 134 5  (D 0,1,1) (S 3,2,3) (S 5,3,6) (S 16,10,11) (D 0,1,1)
0 1 3 30 111 5  (D 0,1,1) (S 6,4,10) (S 8,5,10) (S 9,10,5) (D 0,1,1)
0 1 4 34 176 5  (D 0,1,1) (S 7,4,11) (S 17,11,12) (S 11,9,7) (D 0,1,1)
0 1 5 33 209 6  (D 0,1,1) (S 10,7,9) (S 22,12,13) (S 18,12,11) (S 19,11,13) (D 0,1,1)
0 1 6 33 167 6  (D 0,1,1) (S 13,7,9) (S 14,10,5) (S 15,5,10) (S 4,2,6) (D 0,1,1)
0 1 7 33 174 5  (D 0,1,1) (S 20,12,11) (S 21,11,12) (S 12,9,7) (D 0,1,1)
