1801
11
0
0
0 1 1 57 121 9
(D 0,1,1) (S 1,2,8) (S 34,14,13) (S 12,7,6) (S 30,13,14) (S 31,14,13) (S 35,13,14) (S 36,14,15) (D 0,1,1)
0 1 2 70 162 12
(D 0,1,1) (S 13,8,9) (S 17,10,9) (S 18,9,10) (S 19,10,11) (S 20,11,4) (S 4,3,4) (S 23,11,10) (S 15,10,9) (S 14,9,10) (S 16,10,3) (D 0,1,1)
0 1 3 75 165 7
(D 0,1,1) (S 28,13,2) (S 2,2,13) (S 3,13,2) (S 29,2,13) (S 9,6,12) (D 0,1,1)
0 1 4 75 176 11
(D 0,1,1) (S 32,13,19) (S 49,19,18) (S 81,29,18) (S 44,18,12) (S 26,12,19) (S 45,19,12) (S 46,12,19) (S 47,19,13) (S 38,15,9) (D 0,1,1)
0 1 5 67 183 14
(D 0,1,1) (S 41,16,23) (S 59,23,22) (S 60,22,28) (S 62,22,23) (S 75,21,27) (S 86,32,33) (S 89,33,32) (S 85,32,31) (S 84,31,32) (S 71,26,20) (S 53,20,14) (S 39,15,14) (D 0,1,1)
0 1 6 68 179 9
(D 0,1,1) (S 42,17,11) (S 22,11,5) (S 7,5,4) (S 5,4,11) (S 6,11,4) (S 21,4,11) (S 8,5,11) (D 0,1,1)
0 1 7 71 173 10
(D 0,1,1) (S 48,13,19) (S 50,19,20) (S 51,19,25) (S 73,25,26) (S 69,26,25) (S 66,25,19) (S 33,19,13) (S 11,7,1) (D 0,1,1)
0 1 8 64 142 9
(D 0,1,1) (S 54,20,26) (S 72,26,25) (S 68,25,26) (S 57,27,21) (S 55,21,15) (S 37,15,14) (S 40,14,15) (D 0,1,1)
0 1 9 53 167 10
(D 0,1,1) (S 56,21,27) (S 74,27,21) (S 58,22,23) (S 43,17,24) (S 65,24,34) (S 79,33,28) (S 64,28,23) (S 61,23,22) (D 0,1,1)
0 1 10 70 173 11
(D 0,1,1) (S 67,19,25) (S 70,25,30) (S 83,30,25) (S 82,29,25) (S 52,25,19) (S 27,19,12) (S 10,12,6) (S 25,6,12) (S 24,12,6) (D 0,1,1)
0 1 11 64 160 14
(D 0,1,1) (S 77,23,28) (S 88,28,33) (S 90,33,34) (S 91,34,33) (S 94,33,34) (S 92,34,28) (S 78,28,33) (S 87,33,28) (S 76,28,23) (S 63,23,28) (S 80,28,34) (S 93,34,33) (D 0,1,1)
