1025
6
99451800
120819100
0 1 1 75 177 15  (D 0,1,1) (S 24,11,19) (S 53,19,20) (S 58,20,21) (S 62,21,20) (S 56,20,19) (S 103,26,34) (S 128,40,41) (S 23,11,12) (S 27,13,6) (S 13,6,13) (S 138,43,42) (S 79,26,30) (S 130,40,47) (D 0,1,1)
0 1 2 74 153 13  (D 0,1,1) (S 3,3,4) (S 7,4,3) (S 18,3,9) (S 35,9,15) (S 71,23,24) (S 34,15,9) (S 17,9,3) (S 5,3,9) (S 20,9,15) (S 70,23,22) (S 11,6,1) (D 0,1,1)
0 1 3 75 201 16  (D 0,1,1) (S 12,6,12) (S 33,13,14) (S 42,16,17) (S 40,17,16) (S 73,24,23) (S 93,31,23) (S 72,23,31) (S 38,16,9) (S 19,9,8) (S 16,8,7) (S 15,7,8) (S 39,16,17) (S 136,43,38) (S 140,44,42) (D 0,1,1)
0 1 4 73 170 13  (D 0,1,1) (S 21,15,9) (S 6,9,3) (S 4,4,3) (S 8,3,4) (S 9,4,10) (S 22,10,17) (S 41,17,16) (S 74,25,17) (S 75,17,25) (S 90,28,32) (S 96,31,32) (D 0,1,1)
0 1 5 75 157 14  (D 0,1,1) (S 1,1,6) (S 69,15,23) (S 97,31,37) (S 118,37,38) (S 137,38,43) (S 142,50,44) (S 141,44,50) (S 150,50,44) (S 151,44,50) (S 152,50,45) (S 122,43,38) (S 119,37,43) (D 0,1,1)
0 1 6 75 167 16  (D 0,1,1) (S 14,7,6) (S 64,21,22) (S 67,22,21) (S 66,27,21) (S 83,21,27) (S 86,27,36) (S 135,42,41) (S 149,49,41) (S 131,41,40) (S 108,40,34) (S 105,34,33) (S 100,33,40) (S 143,47,40) (S 104,34,30) (D 0,1,1)
