19191
6
43346500
60311200
0 1 1 1535 3321 9  (D 0,1,1) (S 44,21,20) (S 41,19,20) (S 72,33,32) (S 84,38,39) (S 91,40,41) (S 39,18,24) (S 20,10,9) (D 0,1,1)
0 1 2 1540 3204 9  (D 0,1,1) (S 17,3,9) (S 46,27,21) (S 60,27,26) (S 70,32,33) (S 74,33,39) (S 94,40,41) (S 55,24,30) (D 0,1,1)
0 1 3 1541 3473 10  (D 0,1,1) (S 31,14,13) (S 73,32,33) (S 85,39,33) (S 86,39,38) (S 71,33,32) (S 83,38,37) (S 65,31,32) (S 61,28,34) (D 0,1,1)
0 1 4 1519 2944 8  (D 0,1,1) (S 42,19,25) (S 56,25,19) (S 64,31,25) (S 69,31,32) (S 68,32,31) (S 66,32,31) (D 0,1,1)
0 1 5 1527 3319 9  (D 0,1,1) (S 59,21,27) (S 79,35,41) (S 95,41,42) (S 82,35,36) (S 81,36,35) (S 93,41,40) (S 28,11,12) (D 0,1,1)
0 1 6 1488 2930 8  (D 0,1,1) (S 77,35,36) (S 80,36,30) (S 53,24,18) (S 54,18,24) (S 40,24,18) (S 27,12,11) (D 0,1,1)
