824
4
0
0
0 1 1 42 106 8
(D 0,1,1) (S 1,1,2) (S 4,4,5) (S 5,5,4) (S 6,5,4) (S 7,4,5) (S 2,2,4) (D 0,1,1)
0 1 2 120 242 18
(D 0,1,1) (S 8,5,11) (S 22,11,15) (S 23,15,11) (S 20,11,10) (S 18,10,20) (S 43,20,23) (S 49,23,22) (S 40,19,22) (S 46,22,23) (S 44,23,20) (S 19,20,10) (S 16,10,9) (S 15,9,19) (S 39,19,9) (S 14,9,3) (S 3,3,4) (D 0,1,1)
0 1 3 107 248 19
(D 0,1,1) (S 34,16,17) (S 36,17,16) (S 37,16,17) (S 24,13,12) (S 38,18,17) (S 35,17,16) (S 33,16,12) (S 25,13,14) (S 27,14,8) (S 11,7,6) (S 9,6,7) (S 10,7,6) (S 12,6,7) (S 13,7,8) (S 26,14,13) (S 28,14,13) (S 29,13,14) (D 0,1,1)
0 1 4 91 228 15
(D 0,1,1) (S 42,10,20) (S 48,20,23) (S 50,23,24) (S 51,24,21) (S 45,21,24) (S 52,24,23) (S 47,23,20) (S 41,20,10) (S 17,10,11) (S 21,11,12) (S 30,15,11) (S 31,11,15) (S 32,15,21) (D 0,1,1)
