1744
8
74804400
82234000
0 1 1 126 256 22  (D 0,1,1) (S 5,4,5) (S 10,5,11) (S 26,11,12) (S 29,12,11) (S 12,6,12) (S 28,12,6) (S 75,21,27) (S 80,27,28) (S 79,28,27) (S 55,27,21) (S 54,21,27) (S 76,27,28) (S 77,28,27) (S 50,27,20) (S 43,17,20) (S 49,20,27) (S 72,27,20) (S 47,20,17) (S 23,11,5) (S 8,5,4) (D 0,1,1)
0 1 2 121 294 22  (D 0,1,1) (S 7,4,10) (S 46,19,26) (S 70,26,25) (S 68,25,31) (S 86,31,25) (S 67,25,26) (S 71,26,32) (S 91,32,31) (S 90,31,32) (S 92,32,36) (S 109,39,38) (S 104,38,39) (S 98,39,35) (S 96,35,36) (S 111,39,40) (S 78,27,33) (S 25,11,10) (S 20,10,9) (S 17,9,3) (S 1,1,2) (D 0,1,1)
0 1 3 103 204 17  (D 0,1,1) (S 13,7,13) (S 31,13,23) (S 59,23,24) (S 63,24,23) (S 64,23,24) (S 65,24,25) (S 87,25,31) (S 88,31,30) (S 83,30,29) (S 81,29,23) (S 58,23,13) (S 30,13,14) (S 34,14,24) (S 62,24,14) (S 33,14,23) (D 0,1,1)
0 1 4 81 124 7  (D 0,1,1) (S 15,2,8) (S 14,8,2) (S 3,2,8) (S 4,8,2) (S 2,2,1) (D 0,1,1)
0 1 5 87 170 13  (D 0,1,1) (S 16,8,9) (S 18,9,10) (S 21,10,11) (S 42,16,17) (S 41,17,16) (S 38,16,17) (S 39,17,16) (S 37,16,11) (S 11,11,5) (S 6,5,4) (S 9,4,5) (D 0,1,1)
0 1 6 121 249 14  (D 0,1,1) (S 19,9,14) (S 89,30,31) (S 85,31,30) (S 82,30,24) (S 60,24,23) (S 61,23,29) (S 84,30,31) (S 69,31,25) (S 66,25,15) (S 32,14,15) (S 35,15,10) (S 22,10,15) (D 0,1,1)
0 1 7 76 148 16  (D 0,1,1) (S 24,5,11) (S 27,11,16) (S 40,16,19) (S 45,19,20) (S 73,20,27) (S 74,27,21) (S 57,21,22) (S 56,22,21) (S 52,21,22) (S 53,22,21) (S 51,21,20) (S 48,20,19) (S 44,19,16) (S 36,15,14) (D 0,1,1)
0 1 8 130 299 18  (D 0,1,1) (S 95,34,38) (S 110,38,39) (S 105,39,38) (S 103,38,34) (S 94,34,35) (S 97,35,39) (S 106,39,35) (S 107,35,39) (S 108,39,36) (S 99,36,40) (S 113,37,41) (S 112,41,37) (S 101,37,41) (S 102,41,37) (S 100,37,33) (S 93,33,37) (D 0,1,1)
