1564
6
55676600
62952400
0 1 1 68 179 14  (D 0,1,1) (S 1,1,7) (S 13,7,13) (S 26,13,14) (S 27,14,13) (S 50,24,30) (S 47,23,13) (S 25,13,7) (S 2,2,1) (S 3,3,4) (S 6,4,10) (S 17,10,4) (S 14,8,9) (D 0,1,1)
0 1 2 130 259 19  (D 0,1,1) (S 16,9,10) (S 22,11,12) (S 12,6,12) (S 11,6,5) (S 5,5,4) (S 23,11,16) (S 33,16,17) (S 32,17,16) (S 30,16,17) (S 31,17,16) (S 29,16,15) (S 4,4,5) (S 9,5,11) (S 19,11,5) (S 20,5,11) (S 21,11,10) (S 8,4,5) (D 0,1,1)
0 1 3 130 291 20  (D 0,1,1) (S 43,20,21) (S 75,32,36) (S 83,36,35) (S 81,35,36) (S 84,36,40) (S 89,37,41) (S 88,41,37) (S 86,37,41) (S 87,41,37) (S 85,37,36) (S 82,36,32) (S 62,32,27) (S 72,32,27) (S 73,27,32) (S 74,32,31) (S 67,31,25) (S 52,25,24) (S 15,9,3) (D 0,1,1)
0 1 4 130 306 19  (D 0,1,1) (S 48,23,29) (S 80,34,38) (S 78,34,29) (S 79,34,35) (S 38,17,18) (S 46,18,22) (S 45,22,18) (S 37,18,17) (S 34,17,18) (S 39,18,22) (S 40,22,18) (S 35,18,17) (S 36,17,20) (S 24,12,11) (S 10,11,5) (S 7,5,4) (S 18,10,9) (D 0,1,1)
0 1 5 129 278 18  (D 0,1,1) (S 49,24,25) (S 77,33,37) (S 76,33,27) (S 64,27,28) (S 63,28,27) (S 57,27,26) (S 55,26,27) (S 59,27,28) (S 60,28,27) (S 56,27,26) (S 58,26,27) (S 61,27,32) (S 71,32,26) (S 44,21,20) (S 42,20,19) (S 41,19,16) (D 0,1,1)
0 1 6 130 251 11  (D 0,1,1) (S 68,25,31) (S 53,25,31) (S 69,31,30) (S 70,30,31) (S 66,31,30) (S 65,30,31) (S 54,31,25) (S 51,25,15) (S 28,15,10) (D 0,1,1)
