1342
6
30921800
38436200
0 1 1 93 167 13  (D 0,1,1) (S 1,1,7) (S 18,7,1) (S 81,1,30) (S 80,30,1) (S 3,1,30) (S 4,30,1) (S 5,1,31) (S 79,29,30) (S 77,29,27) (S 83,5,31) (S 86,31,28) (D 0,1,1)
0 1 2 167 300 19  (D 0,1,1) (S 2,7,1) (S 19,1,7) (S 6,2,3) (S 8,3,4) (S 9,4,9) (S 29,9,13) (S 56,13,19) (S 60,19,20) (S 59,20,19) (S 55,19,13) (S 39,13,9) (S 27,9,8) (S 23,8,2) (S 84,31,6) (S 16,6,31) (S 17,31,6) (S 13,6,5) (D 0,1,1)
0 1 3 116 235 20  (D 0,1,1) (S 20,7,6) (S 49,10,16) (S 48,16,10) (S 32,10,11) (S 12,31,5) (S 33,10,14) (S 34,10,16) (S 45,15,14) (S 43,14,15) (S 44,15,14) (S 46,14,15) (S 47,15,16) (S 35,16,10) (S 31,10,5) (S 11,5,31) (S 82,31,5) (S 50,17,11) (S 36,11,12) (D 0,1,1)
0 1 4 120 236 18  (D 0,1,1) (S 25,8,9) (S 40,9,13) (S 38,12,18) (S 63,18,21) (S 53,18,21) (S 62,21,18) (S 52,18,19) (S 64,22,20) (S 61,20,22) (S 54,21,18) (S 51,18,12) (S 37,12,11) (S 14,6,7) (S 15,7,6) (S 21,6,7) (S 22,7,8) (D 0,1,1)
0 1 5 107 207 12  (D 0,1,1) (S 28,8,9) (S 10,4,13) (S 41,13,19) (S 57,19,20) (S 58,20,19) (S 42,19,13) (S 30,13,9) (S 26,9,8) (S 7,2,8) (S 24,8,7) (D 0,1,1)
0 1 6 106 197 16  (D 0,1,1) (S 85,6,31) (S 78,29,28) (S 73,28,25) (S 67,25,28) (S 68,28,25) (S 74,25,28) (S 75,28,26) (S 69,26,23) (S 65,23,26) (S 66,26,23) (S 70,23,26) (S 71,26,28) (S 76,28,29) (S 72,27,26) (D 0,1,1)
