27593
9
14720700
372553600
0 1 1 1432 2104 8  (D 0,1,1) (S 1,3,4) (S 11,27,28) (S 8,17,8) (S 9,19,18) (S 14,42,41) (S 17,53,52) (D 0,1,1)
0 1 2 1818 2715 9  (D 0,1,1) (S 3,4,3) (S 13,38,37) (S 12,37,38) (S 7,15,14) (S 2,4,3) (S 4,3,4) (S 5,4,5) (D 0,1,1)
0 1 3 1674 2910 8  (D 0,1,1) (S 10,20,11) (S 6,12,21) (S 33,81,80) (S 39,93,82) (S 34,82,69) (S 26,69,56) (D 0,1,1)
0 1 4 1780 2889 10  (D 0,1,1) (S 24,65,52) (S 16,52,51) (S 22,63,50) (S 15,50,51) (S 23,64,77) (S 31,75,74) (S 30,73,60) (S 20,60,61) (D 0,1,1)
0 1 5 1618 3107 10  (D 0,1,1) (S 29,59,72) (S 28,72,59) (S 18,59,72) (S 19,72,59) (S 27,70,83) (S 35,84,70) (S 48,110,111) (S 25,65,78) (D 0,1,1)
0 1 6 1742 3726 9  (D 0,1,1) (S 40,93,106) (S 60,138,128) (S 45,104,115) (S 51,117,106) (S 56,129,128) (S 50,116,129) (S 55,127,128) (D 0,1,1)
0 1 7 1848 3488 11  (D 0,1,1) (S 42,99,98) (S 41,95,84) (S 36,84,96) (S 47,108,109) (S 46,108,95) (S 43,100,89) (S 44,100,101) (S 37,90,78) (S 21,61,62) (D 0,1,1)
0 1 8 1827 3694 12  (D 0,1,1) (S 61,140,118) (S 62,140,141) (S 58,133,143) (S 64,142,132) (S 65,142,141) (S 63,141,131) (S 57,131,132) (S 49,114,113) (S 38,91,79) (S 32,77,76) (D 0,1,1)
0 1 9 1420 2960 9  (D 0,1,1) (S 67,145,144) (S 59,136,137) (S 68,147,146) (S 54,126,137) (S 66,144,134) (S 52,123,111) (S 53,125,124) (D 0,1,1)
