911
3
0
0
0 1 1 179 275 20
(D 0,1,1) (S 1,1,9) (S 10,3,4) (S 9,4,3) (S 6,3,4) (S 7,4,3) (S 5,2,5) (S 14,5,4) (S 39,1,19) (S 45,19,20) (S 46,20,21) (S 50,21,23) (S 55,23,21) (S 57,21,24) (S 56,24,21) (S 48,21,20) (S 43,20,1) (S 13,5,2) (S 11,4,5) (D 0,1,1)
0 1 2 198 329 21
(D 0,1,1) (S 29,9,1) (S 16,5,11) (S 33,11,6) (S 21,6,12) (S 34,6,11) (S 20,11,6) (S 19,6,11) (S 17,6,7) (S 24,7,8) (S 25,8,7) (S 18,7,6) (S 23,6,7) (S 27,7,8) (S 26,8,7) (S 22,7,6) (S 28,8,14) (S 37,16,12) (S 36,12,16) (S 35,11,12) (D 0,1,1)
0 1 3 192 307 22
(D 0,1,1) (S 31,9,19) (S 54,22,23) (S 53,22,19) (S 40,19,9) (S 2,9,1) (S 30,1,9) (S 8,3,10) (S 32,10,2) (S 49,20,21) (S 51,21,24) (S 52,24,21) (S 47,21,20) (S 42,20,19) (S 4,19,1) (S 3,1,19) (S 41,19,20) (S 44,20,19) (S 38,19,1) (S 12,5,4) (S 15,4,5) (D 0,1,1)
