1312
5
0
0
0 1 1 72 148 13
(D 0,1,1) (S 1,1,2) (S 3,2,8) (S 42,16,10) (S 7,3,10) (S 22,10,3) (S 6,3,9) (S 25,9,10) (S 20,10,9) (S 19,9,10) (S 8,10,3) (S 5,3,2) (D 0,1,1)
0 1 2 96 230 17
(D 0,1,1) (S 4,2,13) (S 32,13,14) (S 16,14,8) (S 18,8,9) (S 17,9,8) (S 13,8,9) (S 14,9,8) (S 15,8,14) (S 34,14,8) (S 35,8,14) (S 36,14,13) (S 31,13,12) (S 46,18,29) (S 48,19,20) (S 50,20,21) (D 0,1,1)
0 1 3 113 347 21
(D 0,1,1) (S 23,3,10) (S 24,10,9) (S 21,9,15) (S 40,15,21) (S 51,21,15) (S 39,15,14) (S 38,14,20) (S 49,19,25) (S 60,26,25) (S 59,25,29) (S 65,30,31) (S 52,21,22) (S 41,15,22) (S 70,33,34) (S 71,34,24) (S 56,24,23) (S 53,23,24) (S 26,11,4) (S 27,11,5) (D 0,1,1)
0 1 4 128 295 16
(D 0,1,1) (S 28,11,24) (S 57,24,34) (S 58,34,24) (S 55,24,17) (S 72,24,34) (S 64,33,28) (S 61,28,22) (S 63,28,33) (S 67,33,28) (S 62,28,23) (S 54,23,28) (S 68,28,33) (S 69,33,32) (S 66,32,27) (D 0,1,1)
0 1 5 127 292 15
(D 0,1,1) (S 37,13,14) (S 33,14,13) (S 29,12,6) (S 11,6,18) (S 12,18,6) (S 9,6,7) (S 44,6,18) (S 43,18,6) (S 10,6,12) (S 45,18,19) (S 47,19,13) (S 30,13,2) (S 2,2,3) (D 0,1,1)
