1201
7
0
0
0 1 1 34 111 6
(D 0,1,1) (S 1,1,7) (S 13,7,5) (S 11,5,6) (S 7,3,6) (D 0,1,1)
0 1 2 33 173 7
(D 0,1,1) (S 16,7,5) (S 5,2,5) (S 12,5,7) (S 18,7,6) (S 19,6,7) (D 0,1,1)
0 1 3 33 101 5
(D 0,1,1) (S 20,7,8) (S 24,8,7) (S 10,4,5) (D 0,1,1)
0 1 4 32 209 6
(D 0,1,1) (S 22,7,9) (S 23,9,7) (S 3,2,1) (S 9,4,1) (D 0,1,1)
0 1 5 37 164 6
(D 0,1,1) (S 25,7,8) (S 26,8,9) (S 17,5,7) (S 6,3,1) (D 0,1,1)
0 1 6 34 239 6
(D 0,1,1) (S 27,8,10) (S 2,1,8) (S 21,8,7) (S 8,3,7) (D 0,1,1)
0 1 7 33 204 7
(D 0,1,1) (S 29,7,9) (S 28,9,7) (S 15,7,6) (S 4,2,3) (S 14,6,7) (D 0,1,1)
