65940
24
0
0
0 1 1 1524 2210 8
(D 0,1,1) (S 1,1,2) (S 36,31,30) (S 19,18,19) (S 21,19,18) (S 18,18,6) (S 6,7,20) (D 0,1,1)
0 1 2 1634 2213 8
(D 0,1,1) (S 2,2,14) (S 13,14,24) (S 29,24,25) (S 14,15,14) (S 12,14,13) (S 27,23,13) (D 0,1,1)
0 1 3 1615 2790 11
(D 0,1,1) (S 4,5,6) (S 5,7,8) (S 7,10,11) (S 8,11,12) (S 11,12,11) (S 9,11,33) (S 10,33,11) (S 40,33,11) (S 41,11,33) (D 0,1,1)
0 1 4 1747 2868 10
(D 0,1,1) (S 16,17,5) (S 25,22,32) (S 37,32,22) (S 38,22,32) (S 48,40,32) (S 62,49,59) (S 80,59,68) (S 94,68,79) (D 0,1,1)
0 1 5 1631 2532 9
(D 0,1,1) (S 28,23,24) (S 52,45,44) (S 53,46,45) (S 51,45,36) (S 30,25,26) (S 3,4,16) (S 15,16,4) (D 0,1,1)
0 1 6 1117 2171 7
(D 0,1,1) (S 42,33,32) (S 39,32,31) (S 26,32,22) (S 24,22,21) (S 35,31,21) (D 0,1,1)
0 1 7 1739 2905 11
(D 0,1,1) (S 43,34,42) (S 68,53,52) (S 66,52,41) (S 67,52,62) (S 85,62,61) (S 84,61,60) (S 82,60,50) (S 60,49,39) (S 17,17,27) (D 0,1,1)
0 1 8 1578 2747 11
(D 0,1,1) (S 49,40,51) (S 65,51,61) (S 83,60,72) (S 128,82,95) (S 127,95,82) (S 111,82,95) (S 112,95,82) (S 113,83,72) (S 99,72,71) (D 0,1,1)
0 1 9 1538 2546 8
(D 0,1,1) (S 54,46,57) (S 70,54,43) (S 50,43,44) (S 55,47,37) (S 44,37,25) (S 33,28,29) (D 0,1,1)
0 1 10 1633 2874 9
(D 0,1,1) (S 57,47,48) (S 47,39,38) (S 45,37,36) (S 31,27,38) (S 58,48,49) (S 46,39,29) (S 20,19,7) (D 0,1,1)
0 1 11 1715 3067 11
(D 0,1,1) (S 59,48,59) (S 81,59,69) (S 95,69,59) (S 109,81,70) (S 97,71,70) (S 98,71,82) (S 100,73,61) (S 96,69,68) (S 108,80,69) (D 0,1,1)
0 1 12 1132 2093 7
(D 0,1,1) (S 61,49,50) (S 63,50,31) (S 34,31,20) (S 22,20,8) (S 23,20,30) (D 0,1,1)
0 1 13 1608 2990 11
(D 0,1,1) (S 64,50,51) (S 136,98,111) (S 166,112,99) (S 137,99,86) (S 116,85,98) (S 134,98,97) (S 133,97,110) (S 164,110,111) (S 165,111,112) (D 0,1,1)
0 1 14 1755 2945 9
(D 0,1,1) (S 69,53,63) (S 86,62,74) (S 102,74,62) (S 104,75,87) (S 105,87,75) (S 103,75,63) (S 87,63,62) (D 0,1,1)
0 1 15 1592 2884 13
(D 0,1,1) (S 77,57,67) (S 106,76,88) (S 121,88,101) (S 120,88,76) (S 88,64,65) (S 89,65,55) (S 74,56,66) (S 79,58,57) (S 75,57,46) (S 56,47,38) (S 32,28,27) (D 0,1,1)
0 1 16 1630 2769 11
(D 0,1,1) (S 93,57,67) (S 107,78,67) (S 92,67,57) (S 73,55,56) (S 71,54,55) (S 90,65,66) (S 91,66,67) (S 78,67,57) (S 72,55,44) (D 0,1,1)
0 1 17 1705 2907 10
(D 0,1,1) (S 110,81,94) (S 126,94,107) (S 158,109,122) (S 159,122,109) (S 131,109,96) (S 156,96,109) (S 154,107,106) (S 76,57,56) (D 0,1,1)
0 1 18 1718 3021 8
(D 0,1,1) (S 117,87,75) (S 118,75,87) (S 119,87,86) (S 115,85,84) (S 101,73,72) (S 114,84,73) (D 0,1,1)
0 1 19 1714 2925 9
(D 0,1,1) (S 129,95,94) (S 125,94,93) (S 124,93,106) (S 152,106,93) (S 174,121,120) (S 172,120,107) (S 153,107,94) (D 0,1,1)
0 1 20 1745 3022 9
(D 0,1,1) (S 135,98,99) (S 138,99,98) (S 132,97,96) (S 130,96,109) (S 175,122,109) (S 155,109,96) (S 171,119,106) (D 0,1,1)
0 1 21 1548 2670 10
(D 0,1,1) (S 145,104,91) (S 146,104,103) (S 141,102,115) (S 169,116,103) (S 147,103,104) (S 142,103,102) (S 148,104,105) (S 150,105,92) (D 0,1,1)
0 1 22 1374 2790 9
(D 0,1,1) (S 149,104,117) (S 170,117,116) (S 176,109,122) (S 173,121,108) (S 157,109,110) (S 139,99,100) (S 167,113,126) (D 0,1,1)
0 1 23 1719 2941 9
(D 0,1,1) (S 151,105,104) (S 144,104,103) (S 123,90,91) (S 143,103,104) (S 122,89,102) (S 140,102,101) (S 168,115,102) (D 0,1,1)
0 1 24 1741 3060 8
(D 0,1,1) (S 178,124,111) (S 163,111,110) (S 160,110,111) (S 161,111,110) (S 162,110,123) (S 177,122,123) (D 0,1,1)
