574
8
16670400
18070500
0 1 1 27 67 6  (D 0,1,1) (S 31,8,4) (S 52,9,10) (S 25,3,11) (S 46,7,11) (D 0,1,1)
0 1 2 27 68 6  (D 0,1,1) (S 53,10,9) (S 56,9,10) (S 55,10,9) (S 54,9,11) (D 0,1,1)
0 1 3 27 52 8  (D 0,1,1) (S 1,1,2) (S 14,2,3) (S 10,1,10) (S 24,3,10) (S 21,3,2) (S 42,2,7) (D 0,1,1)
0 1 4 27 71 8  (D 0,1,1) (S 4,1,4) (S 28,4,6) (S 50,6,8) (S 51,8,9) (S 32,4,9) (S 16,2,7) (D 0,1,1)
0 1 5 27 90 10  (D 0,1,1) (S 30,4,8) (S 39,8,6) (S 38,6,8) (S 49,8,6) (S 40,6,9) (S 9,1,9) (S 41,7,2) (S 20,2,11) (D 0,1,1)
0 1 6 27 72 9  (D 0,1,1) (S 2,2,1) (S 11,1,11) (S 17,7,2) (S 19,2,9) (S 29,4,7) (S 27,1,4) (S 6,1,5) (D 0,1,1)
0 1 7 27 82 9  (D 0,1,1) (S 12,2,1) (S 13,1,2) (S 48,4,8) (S 47,8,4) (S 33,4,10) (S 23,3,4) (S 5,4,1) (D 0,1,1)
0 1 8 27 72 9  (D 0,1,1) (S 22,2,3) (S 15,3,2) (S 37,5,11) (S 45,7,9) (S 26,4,1) (S 7,1,7) (S 18,2,8) (D 0,1,1)
