1628
9
209608500
228790600
0 1 1 75 174 14  (D 0,1,1) (S 1,1,5) (S 65,19,18) (S 41,20,12) (S 47,14,22) (S 48,22,14) (S 119,37,32) (S 118,32,37) (S 148,37,38) (S 165,38,43) (S 174,45,50) (S 112,30,26) (S 28,8,9) (D 0,1,1)
0 1 2 75 180 13  (D 0,1,1) (S 36,11,12) (S 101,21,27) (S 104,27,36) (S 140,36,27) (S 143,35,36) (S 138,36,35) (S 137,35,36) (S 105,36,27) (S 142,36,35) (S 139,35,41) (S 160,41,49) (D 0,1,1)
0 1 3 66 160 13  (D 0,1,1) (S 38,19,11) (S 86,27,21) (S 84,21,22) (S 49,15,9) (S 31,9,8) (S 27,8,7) (S 23,7,2) (S 6,2,7) (S 25,7,6) (S 20,6,5) (S 158,40,41) (D 0,1,1)
0 1 4 75 180 15  (D 0,1,1) (S 2,5,1) (S 45,14,8) (S 46,8,14) (S 89,23,15) (S 57,15,16) (S 60,16,24) (S 53,15,23) (S 55,16,9) (S 50,9,15) (S 92,23,31) (S 114,31,23) (S 115,31,32) (S 178,47,40) (D 0,1,1)
0 1 5 75 192 15  (D 0,1,1) (S 43,13,7) (S 7,7,2) (S 4,2,3) (S 8,3,2) (S 24,2,7) (S 26,7,13) (S 52,16,15) (S 90,15,23) (S 54,23,15) (S 56,16,15) (S 91,23,24) (S 42,13,6) (S 163,42,44) (D 0,1,1)
0 1 6 75 174 14  (D 0,1,1) (S 51,15,16) (S 58,16,17) (S 59,17,16) (S 93,24,32) (S 146,32,37) (S 164,43,38) (S 151,43,38) (S 162,42,41) (S 181,49,41) (S 157,41,40) (S 133,40,34) (S 97,26,30) (D 0,1,1)
0 1 7 75 191 15  (D 0,1,1) (S 66,18,26) (S 124,34,33) (S 111,33,29) (S 110,29,33) (S 123,33,34) (S 168,44,49) (S 184,49,48) (S 180,48,49) (S 182,49,44) (S 183,44,49) (S 185,49,50) (S 189,50,45) (S 167,43,45) (D 0,1,1)
0 1 8 75 194 15  (D 0,1,1) (S 74,19,26) (S 126,46,33) (S 131,33,34) (S 169,49,44) (S 170,44,50) (S 171,50,44) (S 188,44,50) (S 187,50,44) (S 186,50,43) (S 172,45,38) (S 150,38,43) (S 173,45,43) (S 113,30,34) (D 0,1,1)
0 1 9 75 183 16  (D 0,1,1) (S 34,9,16) (S 63,16,17) (S 61,17,10) (S 35,10,17) (S 62,17,16) (S 94,25,28) (S 95,28,25) (S 106,28,25) (S 107,25,28) (S 108,28,32) (S 117,32,31) (S 116,31,37) (S 147,37,36) (S 129,34,30) (D 0,1,1)
