540
8
0
0
0 1 1 26 58 7
(D 0,1,1) (S 1,1,5) (S 8,2,3) (S 19,3,11) (S 4,1,8) (S 11,2,5) (D 0,1,1)
0 1 2 24 63 7
(D 0,1,1) (S 9,2,4) (S 10,4,2) (S 5,1,9) (S 33,9,7) (S 32,7,9) (D 0,1,1)
0 1 3 27 85 7
(D 0,1,1) (S 15,3,6) (S 28,6,10) (S 29,10,6) (S 16,6,3) (S 14,3,5) (D 0,1,1)
0 1 4 20 43 5
(D 0,1,1) (S 21,2,4) (S 20,4,2) (S 7,1,10) (D 0,1,1)
0 1 5 18 66 7
(D 0,1,1) (S 22,4,7) (S 34,7,10) (S 41,10,6) (S 26,6,3) (S 17,3,10) (D 0,1,1)
0 1 6 24 70 7
(D 0,1,1) (S 24,4,9) (S 6,9,1) (S 2,1,6) (S 42,6,10) (S 39,10,3) (D 0,1,1)
0 1 7 25 87 10
(D 0,1,1) (S 25,5,7) (S 13,2,9) (S 37,9,7) (S 31,7,8) (S 12,2,6) (S 23,4,8) (S 18,10,3) (S 40,3,10) (D 0,1,1)
0 1 8 19 68 8
(D 0,1,1) (S 27,3,6) (S 30,6,11) (S 36,1,9) (S 35,9,1) (S 3,1,7) (S 38,7,9) (D 0,1,1)
