946
6
25549700
34735900
0 1 1 65 163 11  (D 0,1,1) (S 74,1,35) (S 5,35,1) (S 71,33,34) (S 70,34,33) (S 69,34,33) (S 68,33,34) (S 9,2,6) (S 7,2,1) (S 57,22,25) (D 0,1,1)
0 1 2 64 151 11  (D 0,1,1) (S 8,2,3) (S 67,38,31) (S 66,31,38) (S 84,38,31) (S 85,31,38) (S 87,39,38) (S 86,38,39) (S 13,5,4) (S 12,4,3) (D 0,1,1)
0 1 3 64 171 12  (D 0,1,1) (S 30,8,14) (S 32,15,14) (S 34,15,14) (S 35,14,15) (S 37,16,15) (S 36,15,16) (S 6,1,40) (S 23,1,10) (S 24,10,9) (S 82,37,30) (D 0,1,1)
0 1 4 65 168 12  (D 0,1,1) (S 3,10,1) (S 38,18,17) (S 47,18,22) (S 58,25,24) (S 53,24,21) (S 45,21,24) (S 41,20,17) (S 49,22,25) (S 27,13,7) (S 16,7,13) (D 0,1,1)
0 1 5 65 147 12  (D 0,1,1) (S 39,18,22) (S 55,25,24) (S 43,23,20) (S 52,20,23) (S 51,23,20) (S 42,20,23) (S 59,24,25) (S 54,24,25) (S 50,25,22) (S 44,21,22) (D 0,1,1)
0 1 6 65 146 12  (D 0,1,1) (S 60,26,27) (S 61,27,26) (S 64,26,27) (S 63,27,26) (S 62,26,33) (S 72,34,35) (S 73,35,1) (S 28,7,13) (S 17,13,7) (S 15,7,6) (D 0,1,1)
