751
7
19106800
28904700
0 1 1 45 99 8  (D 0,1,1) (S 18,3,9) (S 20,9,8) (S 13,8,9) (S 23,13,9) (S 19,9,4) (S 5,3,9) (D 0,1,1)
0 1 2 49 128 9  (D 0,1,1) (S 30,10,11) (S 29,11,10) (S 39,15,14) (S 38,14,15) (S 37,14,10) (S 27,10,16) (S 14,9,8) (D 0,1,1)
0 1 3 50 112 8  (D 0,1,1) (S 47,19,22) (S 49,22,21) (S 45,18,19) (S 35,13,9) (S 22,9,13) (S 6,9,3) (D 0,1,1)
0 1 4 50 106 10  (D 0,1,1) (S 65,29,28) (S 67,31,29) (S 62,29,27) (S 66,29,31) (S 4,3,2) (S 3,2,3) (S 28,11,6) (S 2,2,1) (D 0,1,1)
0 1 5 49 104 9  (D 0,1,1) (S 25,11,10) (S 41,16,15) (S 40,15,16) (S 42,16,15) (S 43,15,16) (S 44,17,16) (S 26,10,14) (D 0,1,1)
0 1 6 50 103 9  (D 0,1,1) (S 52,23,25) (S 53,25,23) (S 56,25,23) (S 57,23,25) (S 58,25,28) (S 64,27,29) (S 68,31,5) (D 0,1,1)
0 1 7 50 99 11  (D 0,1,1) (S 63,29,27) (S 55,27,24) (S 54,24,27) (S 59,27,24) (S 60,24,27) (S 61,27,29) (S 72,29,31) (S 8,5,6) (S 33,12,11) (D 0,1,1)
