1024
3
0
0
0 1 1 163 332 21
(D 0,1,1) (S 1,1,2) (S 13,4,5) (S 57,22,23) (S 54,23,22) (S 52,19,22) (S 48,22,19) (S 46,19,20) (S 39,15,11) (S 25,11,10) (S 22,10,11) (S 23,11,10) (S 26,10,11) (S 24,11,5) (S 14,5,4) (S 8,4,3) (S 12,3,4) (S 2,2,1) (S 5,1,2) (S 4,2,1) (D 0,1,1)
0 1 2 132 267 17
(D 0,1,1) (S 21,3,9) (S 55,23,20) (S 49,20,10) (S 56,23,22) (S 53,22,23) (S 51,22,19) (S 47,19,22) (S 45,19,9) (S 10,9,3) (S 6,3,1) (S 3,1,3) (S 9,3,9) (S 20,9,3) (S 7,3,4) (S 11,4,3) (D 0,1,1)
0 1 3 158 425 26
(D 0,1,1) (S 58,23,24) (S 43,18,17) (S 16,7,8) (S 37,14,13) (S 38,13,14) (S 44,17,18) (S 42,18,14) (S 35,14,8) (S 36,8,14) (S 34,14,13) (S 31,13,12) (S 30,12,16) (S 33,13,14) (S 40,17,18) (S 41,18,17) (S 15,7,6) (S 27,12,6) (S 32,12,13) (S 29,13,12) (S 28,12,13) (S 19,14,8) (S 17,8,7) (S 18,8,14) (S 50,21,24) (D 0,1,1)
