442
8
5971700
7344700
0 1 1 8 0 3  (D 0,1,1) (S 1,1,2) (D 0,1,1)
0 1 2 24 57 7  (D 0,1,1) (S 9,2,1) (S 7,1,7) (S 33,6,8) (S 5,4,1) (S 8,1,8) (D 0,1,1)
0 1 3 22 61 7  (D 0,1,1) (S 10,1,2) (S 2,2,1) (S 4,1,4) (S 21,4,6) (S 11,2,5) (D 0,1,1)
0 1 4 24 58 7  (D 0,1,1) (S 12,2,6) (S 26,6,8) (S 34,8,7) (S 35,7,8) (S 3,1,3) (D 0,1,1)
0 1 5 23 69 7  (D 0,1,1) (S 13,2,7) (S 6,1,5) (S 24,5,8) (S 25,8,5) (S 23,5,7) (D 0,1,1)
0 1 6 21 63 8  (D 0,1,1) (S 14,2,8) (S 15,3,5) (S 16,3,6) (S 18,4,1) (S 19,1,4) (S 22,4,7) (D 0,1,1)
0 1 7 24 71 7  (D 0,1,1) (S 29,8,7) (S 28,7,8) (S 27,8,6) (S 20,4,5) (S 17,3,8) (D 0,1,1)
0 1 8 24 63 5  (D 0,1,1) (S 30,8,5) (S 31,5,8) (S 32,8,6) (D 0,1,1)
