746
3
0
0
0 1 1 75 210 14
(D 0,1,1) (S 1,1,2) (S 2,1,3) (S 4,5,11) (S 14,11,12) (S 18,12,16) (S 27,15,21) (S 46,24,23) (S 43,22,23) (S 39,23,20) (S 41,20,21) (S 40,21,20) (S 45,20,23) (D 0,1,1)
0 1 2 118 275 17
(D 0,1,1) (S 12,10,11) (S 13,11,10) (S 10,10,5) (S 3,5,10) (S 11,10,9) (S 9,9,19) (S 34,19,20) (S 36,20,21) (S 37,21,20) (S 38,20,23) (S 44,23,20) (S 35,19,22) (S 42,22,19) (S 33,19,9) (S 8,9,3) (D 0,1,1)
0 1 3 119 261 21
(D 0,1,1) (S 15,12,6) (S 5,6,12) (S 6,12,6) (S 16,6,12) (S 7,8,7) (S 32,18,17) (S 22,17,13) (S 19,13,14) (S 25,14,18) (S 26,18,14) (S 20,14,13) (S 21,13,17) (S 28,17,13) (S 24,13,14) (S 31,14,18) (S 30,18,14) (S 23,14,13) (S 29,13,17) (S 17,12,13) (D 0,1,1)
