2418
14
0
0
0 1 1 72 140 8
(D 0,1,1) (S 1,1,2) (S 6,2,13) (S 7,13,2) (S 2,2,1) (S 5,1,2) (S 38,13,12) (D 0,1,1)
0 1 2 65 160 8
(D 0,1,1) (S 4,2,1) (S 32,6,12) (S 33,12,13) (S 36,2,13) (S 35,13,2) (S 3,1,7) (D 0,1,1)
0 1 3 70 155 10
(D 0,1,1) (S 21,8,9) (S 22,9,15) (S 52,15,22) (S 53,22,15) (S 47,15,14) (S 44,14,13) (S 45,13,14) (S 46,14,15) (D 0,1,1)
0 1 4 72 172 10
(D 0,1,1) (S 31,12,6) (S 16,6,12) (S 17,12,6) (S 15,6,7) (S 19,7,6) (S 18,6,18) (S 64,18,12) (S 37,13,7) (D 0,1,1)
0 1 5 75 161 10
(D 0,1,1) (S 41,14,13) (S 42,13,19) (S 69,19,25) (S 97,25,26) (S 102,26,25) (S 95,25,19) (S 66,19,13) (S 34,13,12) (D 0,1,1)
0 1 6 67 199 14
(D 0,1,1) (S 55,10,16) (S 57,16,17) (S 61,17,16) (S 54,16,10) (S 12,10,4) (S 24,4,10) (S 10,3,10) (S 23,10,4) (S 30,11,17) (S 60,17,11) (S 14,5,11) (S 28,11,5) (D 0,1,1)
0 1 7 48 150 11
(D 0,1,1) (S 59,16,23) (S 83,23,22) (S 82,22,23) (S 108,23,28) (S 110,28,34) (S 124,34,24) (S 88,24,23) (S 85,23,22) (S 86,22,23) (D 0,1,1)
0 1 8 70 213 12
(D 0,1,1) (S 62,16,17) (S 63,17,24) (S 91,24,11) (S 13,5,4) (S 11,4,10) (S 9,3,4) (S 25,10,11) (S 29,11,10) (S 8,3,2) (S 39,12,13) (D 0,1,1)
0 1 9 75 189 11
(D 0,1,1) (S 65,18,29) (S 112,29,30) (S 116,30,31) (S 105,31,26) (S 98,26,25) (S 70,25,19) (S 43,19,13) (S 20,7,13) (S 40,13,14) (D 0,1,1)
0 1 10 74 186 13
(D 0,1,1) (S 67,13,19) (S 96,19,25) (S 100,25,30) (S 122,31,32) (S 123,32,27) (S 76,21,22) (S 78,22,15) (S 48,15,9) (S 26,10,16) (S 56,16,15) (S 49,15,14) (D 0,1,1)
0 1 11 69 182 12
(D 0,1,1) (S 73,20,26) (S 119,26,31) (S 120,31,30) (S 114,30,29) (S 115,29,30) (S 121,30,31) (S 117,31,30) (S 113,30,29) (S 111,29,25) (S 99,25,29) (D 0,1,1)
0 1 12 54 138 9
(D 0,1,1) (S 79,15,22) (S 77,22,21) (S 74,21,15) (S 51,15,21) (S 81,21,22) (S 80,22,21) (S 75,21,20) (D 0,1,1)
0 1 13 75 203 14
(D 0,1,1) (S 84,22,28) (S 109,28,27) (S 106,27,28) (S 90,28,23) (S 89,23,28) (S 107,28,23) (S 94,23,24) (S 93,24,23) (S 87,23,24) (S 92,24,17) (S 58,17,16) (S 27,16,10) (D 0,1,1)
0 1 14 67 170 10
(D 0,1,1) (S 103,25,26) (S 104,26,31) (S 118,31,26) (S 101,26,20) (S 72,20,19) (S 68,19,20) (S 71,20,14) (S 50,14,15) (D 0,1,1)
