584
10
0
0
0 1 1 23 42 7
(D 0,1,1) (S 1,1,2) (S 15,2,3) (S 40,7,11) (S 50,11,3) (S 19,3,8) (D 0,1,1)
0 1 2 23 50 7
(D 0,1,1) (S 10,2,3) (S 18,3,7) (S 33,5,10) (S 45,10,4) (S 23,4,6) (D 0,1,1)
0 1 3 22 75 8
(D 0,1,1) (S 12,2,5) (S 13,5,2) (S 2,1,3) (S 29,5,6) (S 30,6,5) (S 20,3,11) (D 0,1,1)
0 1 4 24 43 6
(D 0,1,1) (S 25,4,10) (S 47,10,8) (S 41,8,1) (S 42,1,8) (D 0,1,1)
0 1 5 27 72 7
(D 0,1,1) (S 28,2,5) (S 16,3,4) (S 11,3,2) (S 4,1,6) (S 24,4,9) (D 0,1,1)
0 1 6 21 54 6
(D 0,1,1) (S 32,5,9) (S 14,3,2) (S 5,1,7) (S 51,3,11) (D 0,1,1)
0 1 7 27 79 8
(D 0,1,1) (S 35,5,6) (S 34,6,5) (S 27,5,2) (S 3,1,5) (S 17,3,6) (S 37,6,9) (D 0,1,1)
0 1 8 25 61 8
(D 0,1,1) (S 36,6,7) (S 39,7,10) (S 6,1,8) (S 46,4,10) (S 49,10,11) (S 21,11,3) (D 0,1,1)
0 1 9 27 62 8
(D 0,1,1) (S 38,6,11) (S 9,1,10) (S 31,5,8) (S 43,8,10) (S 26,10,4) (S 22,4,5) (D 0,1,1)
0 1 10 21 46 6
(D 0,1,1) (S 48,8,10) (S 44,10,8) (S 7,8,1) (S 8,1,9) (D 0,1,1)
