945
9
4248600
6238700
0 1 1 35 83 8  (D 0,1,1) (S 1,1,2) (S 2,2,1) (S 3,1,3) (S 9,3,4) (S 10,4,5) (S 16,5,11) (D 0,1,1)
0 1 2 21 63 5  (D 0,1,1) (S 4,2,1) (S 5,1,2) (S 13,4,5) (D 0,1,1)
0 1 3 37 99 6  (D 0,1,1) (S 7,4,3) (S 19,9,10) (S 24,10,9) (S 21,9,19) (D 0,1,1)
0 1 4 38 114 7  (D 0,1,1) (S 8,4,3) (S 37,19,22) (S 38,22,19) (S 42,22,19) (S 43,19,22) (D 0,1,1)
0 1 5 39 89 5  (D 0,1,1) (S 14,5,10) (S 15,10,5) (S 11,5,4) (D 0,1,1)
0 1 6 39 88 6  (D 0,1,1) (S 23,5,10) (S 20,10,9) (S 18,9,3) (S 6,3,4) (D 0,1,1)
0 1 7 39 155 9  (D 0,1,1) (S 25,9,10) (S 44,23,20) (S 39,20,23) (S 45,23,24) (S 40,21,15) (S 33,15,11) (S 41,21,24) (D 0,1,1)
0 1 8 37 153 11  (D 0,1,1) (S 28,11,15) (S 30,12,11) (S 17,7,8) (S 32,14,18) (S 31,13,17) (S 36,17,13) (S 35,16,15) (S 29,15,11) (S 26,11,5) (D 0,1,1)
0 1 9 37 101 6  (D 0,1,1) (S 34,11,15) (S 27,11,10) (S 22,10,5) (S 12,5,4) (D 0,1,1)
