2412
9
140809300
147788700
0 1 1 145 277 16  (D 0,1,1) (S 1,1,2) (S 2,2,1) (S 29,1,7) (S 30,7,6) (S 24,6,12) (S 25,12,6) (S 26,6,18) (S 76,18,6) (S 23,6,7) (S 28,7,1) (S 3,1,7) (S 4,7,1) (S 6,1,2) (S 7,2,3) (D 0,1,1)
0 1 2 141 280 17  (D 0,1,1) (S 5,2,1) (S 77,6,18) (S 78,18,19) (S 79,19,18) (S 80,18,29) (S 124,29,30) (S 128,30,29) (S 129,29,30) (S 134,30,31) (S 132,31,26) (S 111,26,25) (S 109,25,30) (S 126,30,25) (S 107,25,19) (S 108,19,25) (D 0,1,1)
0 1 3 101 250 14  (D 0,1,1) (S 9,2,8) (S 34,8,9) (S 38,9,10) (S 43,10,11) (S 52,11,24) (S 106,24,11) (S 17,11,4) (S 14,4,5) (S 18,5,4) (S 19,4,5) (S 20,5,11) (S 48,11,5) (D 0,1,1)
0 1 4 95 200 16  (D 0,1,1) (S 12,3,10) (S 44,10,16) (S 70,16,15) (S 92,15,21) (S 93,21,20) (S 87,20,14) (S 90,20,21) (S 95,21,27) (S 114,27,28) (S 101,28,22) (S 96,22,15) (S 40,15,9) (S 36,9,3) (S 10,3,2) (D 0,1,1)
0 1 5 91 205 11  (D 0,1,1) (S 47,4,11) (S 46,11,4) (S 15,5,4) (S 16,4,11) (S 21,11,5) (S 49,5,11) (S 50,11,10) (S 13,10,3) (S 42,3,10) (D 0,1,1)
0 1 6 144 287 20  (D 0,1,1) (S 57,13,7) (S 31,7,13) (S 32,13,7) (S 58,7,13) (S 53,12,6) (S 54,6,12) (S 55,12,19) (S 115,27,32) (S 140,32,33) (S 139,33,32) (S 137,32,33) (S 138,33,32) (S 136,32,31) (S 133,31,30) (S 125,30,29) (S 123,29,18) (S 27,18,6) (S 22,6,1) (D 0,1,1)
0 1 7 164 319 20  (D 0,1,1) (S 60,14,20) (S 88,20,19) (S 85,19,25) (S 127,25,30) (S 130,30,31) (S 131,31,30) (S 110,30,25) (S 86,25,19) (S 89,19,20) (S 84,20,19) (S 81,19,18) (S 82,18,19) (S 83,19,20) (S 67,21,15) (S 61,15,9) (S 37,9,8) (S 33,8,2) (S 35,8,14) (D 0,1,1)
0 1 8 143 288 22  (D 0,1,1) (S 69,10,16) (S 72,16,17) (S 74,17,11) (S 51,11,17) (S 75,17,16) (S 65,16,15) (S 71,15,16) (S 68,16,10) (S 39,9,15) (S 64,15,16) (S 45,16,10) (S 41,10,3) (S 62,9,15) (S 66,15,21) (S 91,21,15) (S 63,15,14) (S 59,14,13) (S 56,13,2) (S 8,3,2) (S 11,2,3) (D 0,1,1)
0 1 9 141 306 28  (D 0,1,1) (S 73,16,23) (S 100,22,28) (S 118,28,23) (S 99,23,22) (S 117,22,28) (S 120,28,27) (S 113,27,26) (S 112,26,31) (S 135,31,32) (S 145,34,33) (S 119,23,28) (S 144,28,34) (S 141,33,34) (S 142,34,33) (S 146,33,34) (S 143,34,28) (S 116,28,22) (S 97,22,21) (S 94,21,22) (S 103,22,23) (S 104,23,28) (S 121,28,34) (S 122,34,28) (S 105,28,23) (S 98,22,23) (S 102,23,22) (D 0,1,1)
