23233
8
13467800
28072900
0 1 1 1515 2402 8  (D 0,1,1) (S 1,2,3) (S 11,10,9) (S 21,17,22) (S 38,27,26) (S 36,26,25) (S 35,25,33) (D 0,1,1)
0 1 2 1166 2375 6  (D 0,1,1) (S 12,10,18) (S 22,18,10) (S 5,6,12) (S 14,12,13) (D 0,1,1)
0 1 3 1544 2867 9  (D 0,1,1) (S 13,11,10) (S 10,10,4) (S 2,4,5) (S 3,5,11) (S 8,8,7) (S 4,6,1) (S 9,9,8) (D 0,1,1)
0 1 4 1739 3301 9  (D 0,1,1) (S 15,13,15) (S 27,20,21) (S 28,21,17) (S 16,14,24) (S 45,33,32) (S 29,21,22) (S 18,16,15) (D 0,1,1)
0 1 5 1409 2556 7  (D 0,1,1) (S 24,18,23) (S 31,23,22) (S 30,22,17) (S 17,16,8) (S 7,7,13) (D 0,1,1)
0 1 6 1478 3170 10  (D 0,1,1) (S 26,19,30) (S 51,36,37) (S 52,38,30) (S 41,29,23) (S 20,17,18) (S 23,18,19) (S 25,19,10) (S 6,7,6) (D 0,1,1)
0 1 7 1785 3204 8  (D 0,1,1) (S 37,26,34) (S 46,34,33) (S 44,32,24) (S 32,24,25) (S 33,25,20) (S 43,31,28) (D 0,1,1)
0 1 8 1790 3358 11  (D 0,1,1) (S 39,27,31) (S 42,31,27) (S 47,34,35) (S 48,35,27) (S 34,25,21) (S 49,35,36) (S 50,36,31) (S 40,28,29) (S 19,17,16) (D 0,1,1)
