345
6
18880200
22409800
0 1 1 20 65 6  (D 0,1,1) (S 2,2,1) (S 1,1,2) (S 37,8,14) (S 14,6,7) (D 0,1,1)
0 1 2 20 65 6  (D 0,1,1) (S 39,18,14) (S 38,14,18) (S 48,17,16) (S 44,16,17) (D 0,1,1)
0 1 3 20 38 7  (D 0,1,1) (S 7,4,3) (S 5,3,4) (S 6,4,3) (S 4,1,2) (S 3,2,1) (D 0,1,1)
0 1 4 20 53 7  (D 0,1,1) (S 24,10,11) (S 26,11,10) (S 61,23,22) (S 60,22,23) (S 62,23,20) (D 0,1,1)
0 1 5 20 69 7  (D 0,1,1) (S 47,13,17) (S 46,17,13) (S 45,17,16) (S 43,16,15) (S 33,13,14) (D 0,1,1)
0 1 6 20 55 10  (D 0,1,1) (S 19,10,9) (S 54,9,19) (S 21,19,9) (S 20,9,19) (S 18,9,10) (S 27,10,11) (S 28,11,12) (S 42,16,12) (D 0,1,1)
