1919
7
0
0
0 1 1 109 213 14
(D 0,1,1) (S 1,1,2) (S 6,2,1) (S 17,7,12) (S 37,12,7) (S 38,7,12) (S 82,16,21) (S 81,21,16) (S 57,16,13) (S 18,12,7) (S 16,7,8) (S 29,8,9) (S 27,9,2) (D 0,1,1)
0 1 2 142 260 16
(D 0,1,1) (S 2,2,1) (S 5,1,9) (S 28,9,8) (S 22,8,9) (S 23,9,8) (S 24,8,13) (S 31,9,15) (S 74,15,19) (S 73,19,15) (S 54,15,19) (S 70,19,18) (S 69,18,19) (S 75,19,18) (S 71,18,23) (D 0,1,1)
0 1 3 147 291 19
(D 0,1,1) (S 4,1,8) (S 46,8,14) (S 45,14,8) (S 20,8,5) (S 12,5,4) (S 8,4,5) (S 9,5,4) (S 10,4,6) (S 36,11,16) (S 61,16,21) (S 62,21,16) (S 56,16,11) (S 15,11,6) (S 14,6,11) (S 33,11,6) (S 34,6,11) (S 35,11,12) (D 0,1,1)
0 1 4 149 288 18
(D 0,1,1) (S 48,13,14) (S 47,14,13) (S 43,13,17) (S 63,17,13) (S 40,13,14) (S 41,14,13) (S 42,13,16) (S 66,16,17) (S 59,17,16) (S 58,16,17) (S 44,17,13) (S 39,13,8) (S 25,8,14) (S 26,14,8) (S 19,8,1) (S 3,1,5) (D 0,1,1)
0 1 5 133 313 24
(D 0,1,1) (S 64,13,17) (S 65,17,16) (S 60,16,20) (S 97,20,24) (S 96,24,20) (S 78,20,24) (S 79,24,20) (S 80,20,27) (S 107,28,27) (S 104,27,20) (S 77,20,21) (S 83,21,22) (S 87,22,21) (S 88,22,23) (S 89,23,22) (S 94,22,23) (S 115,30,26) (S 116,26,30) (S 103,30,26) (S 102,26,30) (S 114,30,25) (S 100,25,29) (D 0,1,1)
0 1 6 119 264 20
(D 0,1,1) (S 76,18,19) (S 93,23,22) (S 90,22,29) (S 108,29,21) (S 85,21,29) (S 86,29,21) (S 84,21,28) (S 106,28,24) (S 98,24,28) (S 105,28,21) (S 109,21,29) (S 91,29,22) (S 111,22,29) (S 110,29,22) (S 112,29,25) (S 99,25,22) (S 67,17,18) (S 68,18,17) (D 0,1,1)
0 1 7 128 290 19
(D 0,1,1) (S 95,23,30) (S 113,30,23) (S 92,23,18) (S 72,18,26) (S 101,26,18) (S 55,19,15) (S 52,15,14) (S 49,14,15) (S 50,15,14) (S 53,14,15) (S 51,15,8) (S 21,8,7) (S 13,4,5) (S 11,5,1) (S 7,1,2) (S 30,9,10) (S 32,10,3) (D 0,1,1)
