945
4
0
0
0 1 1 108 235 21
(D 0,1,1) (S 2,1,3) (S 3,3,4) (S 26,12,13) (S 29,13,14) (S 47,14,18) (S 46,18,14) (S 33,14,18) (S 34,18,14) (S 31,14,13) (S 48,18,17) (S 43,17,16) (S 38,16,15) (S 22,15,11) (S 19,11,10) (S 16,10,5) (S 4,5,10) (S 17,10,11) (S 18,11,5) (S 1,1,2) (D 0,1,1)
0 1 2 109 302 19
(D 0,1,1) (S 21,11,15) (S 39,15,21) (S 60,24,23) (S 57,23,20) (S 51,19,22) (S 55,22,19) (S 49,19,9) (S 14,9,10) (S 15,9,19) (S 50,19,20) (S 52,20,23) (S 59,23,22) (S 56,22,23) (S 53,23,20) (S 58,20,23) (S 54,21,15) (S 36,11,15) (D 0,1,1)
0 1 3 51 145 10
(D 0,1,1) (S 27,12,16) (S 37,15,16) (S 42,16,17) (S 44,17,16) (S 40,16,15) (S 20,11,12) (S 25,12,11) (S 35,15,11) (D 0,1,1)
0 1 4 120 263 18
(D 0,1,1) (S 41,15,16) (S 45,16,17) (S 28,13,12) (S 23,12,6) (S 10,6,7) (S 9,7,6) (S 5,6,7) (S 6,7,6) (S 7,6,12) (S 8,12,6) (S 24,6,12) (S 12,8,7) (S 11,7,8) (S 13,8,14) (S 30,14,13) (S 32,13,14) (D 0,1,1)
