1253
11
0
0
0 1 1 26 80 6
(D 0,1,1) (S 1,2,4) (S 6,4,2) (S 54,19,22) (S 3,3,1) (D 0,1,1)
0 1 2 38 65 8
(D 0,1,1) (S 8,4,3) (S 9,3,4) (S 5,4,3) (S 4,3,4) (S 2,4,2) (S 7,2,4) (D 0,1,1)
0 1 3 40 148 8
(D 0,1,1) (S 12,7,6) (S 10,6,7) (S 11,7,6) (S 13,6,7) (S 14,7,8) (S 37,15,21) (D 0,1,1)
0 1 4 39 112 6
(D 0,1,1) (S 18,9,10) (S 20,10,9) (S 21,9,10) (S 50,20,23) (D 0,1,1)
0 1 5 40 135 7
(D 0,1,1) (S 26,12,6) (S 15,8,14) (S 16,14,8) (S 33,8,14) (S 32,14,8) (D 0,1,1)
0 1 6 38 102 7
(D 0,1,1) (S 40,16,17) (S 42,17,16) (S 38,16,12) (S 27,12,11) (S 23,11,5) (D 0,1,1)
0 1 7 40 132 9
(D 0,1,1) (S 44,18,14) (S 30,13,12) (S 28,12,13) (S 29,13,12) (S 31,12,13) (S 41,17,16) (S 39,16,15) (D 0,1,1)
0 1 8 39 94 6
(D 0,1,1) (S 46,19,20) (S 49,20,10) (S 19,10,9) (S 17,9,3) (D 0,1,1)
0 1 9 36 120 7
(D 0,1,1) (S 47,19,22) (S 53,22,19) (S 45,19,9) (S 22,10,11) (S 24,11,15) (D 0,1,1)
0 1 10 37 132 9
(D 0,1,1) (S 52,21,24) (S 51,21,15) (S 34,15,11) (S 36,15,16) (S 43,16,17) (S 25,15,11) (S 35,11,15) (D 0,1,1)
0 1 11 38 133 7
(D 0,1,1) (S 55,22,23) (S 57,23,24) (S 58,24,23) (S 56,23,22) (S 48,22,19) (D 0,1,1)
