1126
4
0
0
0 1 1 75 142 9
(D 0,1,1) (S 4,3,9) (S 21,9,10) (S 27,10,11) (S 28,11,10) (S 11,10,5) (S 9,5,4) (S 3,4,3) (D 0,1,1)
0 1 2 163 329 20
(D 0,1,1) (S 8,4,5) (S 65,23,20) (S 58,20,23) (S 66,23,22) (S 67,22,23) (S 64,23,22) (S 63,22,23) (S 61,22,19) (S 62,19,22) (S 57,22,19) (S 56,19,22) (S 55,19,20) (S 42,15,11) (S 31,11,10) (S 22,10,9) (S 5,9,3) (S 2,3,4) (S 6,4,3) (D 0,1,1)
0 1 3 140 291 17
(D 0,1,1) (S 20,3,9) (S 32,10,11) (S 30,11,5) (S 10,5,10) (S 23,10,5) (S 12,5,11) (S 68,23,24) (S 69,24,21) (S 43,15,21) (S 44,21,15) (S 60,15,21) (S 24,5,10) (S 25,10,9) (S 19,9,3) (S 7,3,4) (D 0,1,1)
0 1 4 180 364 31
(D 0,1,1) (S 26,9,10) (S 29,10,20) (S 59,21,15) (S 46,16,17) (S 54,17,18) (S 52,18,14) (S 35,14,13) (S 34,13,14) (S 40,14,13) (S 36,13,17) (S 37,17,13) (S 41,13,14) (S 50,17,18) (S 51,18,17) (S 14,7,6) (S 13,6,12) (S 33,12,6) (S 48,13,17) (S 47,17,13) (S 38,14,8) (S 16,8,7) (S 15,7,8) (S 39,8,14) (S 18,14,8) (S 17,8,14) (S 53,18,17) (S 49,17,16) (S 45,16,12) (S 1,3,1) (D 0,1,1)
