334
6
8633700
10095700
0 1 1 23 35 6  (D 0,1,1) (S 1,1,2) (S 7,2,1) (S 8,1,2) (S 11,2,5) (D 0,1,1)
0 1 2 27 48 7  (D 0,1,1) (S 9,2,3) (S 13,3,2) (S 5,1,8) (S 12,2,8) (S 16,3,10) (D 0,1,1)
0 1 3 23 54 8  (D 0,1,1) (S 14,2,3) (S 15,3,5) (S 21,5,7) (S 26,7,11) (S 23,6,11) (S 30,11,7) (D 0,1,1)
0 1 4 27 63 7  (D 0,1,1) (S 17,3,11) (S 25,7,10) (S 3,1,3) (S 10,3,2) (S 4,1,7) (D 0,1,1)
0 1 5 26 56 7  (D 0,1,1) (S 22,6,7) (S 24,7,8) (S 2,2,1) (S 6,1,11) (S 27,11,7) (D 0,1,1)
0 1 6 26 78 8  (D 0,1,1) (S 29,4,9) (S 28,9,4) (S 19,4,9) (S 20,9,4) (S 18,4,7) (S 31,7,11) (D 0,1,1)
