688
8
0
0
0 1 1 21 59 6
(D 0,1,1) (S 1,1,15) (S 22,15,17) (S 23,17,15) (S 24,15,20) (D 0,1,1)
0 1 2 27 105 7
(D 0,1,1) (S 2,1,17) (S 3,1,27) (S 5,3,6) (S 12,7,11) (S 15,10,11) (D 0,1,1)
0 1 3 25 83 7
(D 0,1,1) (S 14,6,8) (S 43,27,26) (S 42,26,27) (S 11,8,6) (S 9,6,7) (D 0,1,1)
0 1 4 27 80 7
(D 0,1,1) (S 19,13,14) (S 20,14,20) (S 32,20,21) (S 27,18,21) (S 35,21,25) (D 0,1,1)
0 1 5 27 88 12
(D 0,1,1) (S 25,17,15) (S 17,12,19) (S 28,19,4) (S 8,5,6) (S 4,3,4) (S 6,4,19) (S 7,19,4) (S 29,4,19) (S 30,19,12) (S 31,12,19) (D 0,1,1)
0 1 6 23 80 7
(D 0,1,1) (S 26,15,17) (S 21,14,21) (S 39,21,23) (S 37,22,25) (S 41,25,26) (D 0,1,1)
0 1 7 26 97 7
(D 0,1,1) (S 36,22,23) (S 34,23,21) (S 33,21,23) (S 38,23,21) (S 40,23,26) (D 0,1,1)
0 1 8 27 96 8
(D 0,1,1) (S 44,27,26) (S 45,26,27) (S 13,8,6) (S 10,6,8) (S 18,19,12) (S 16,12,13) (D 0,1,1)
