1456
7
58751100
67804800
0 1 1 74 156 11  (D 0,1,1) (S 9,8,2) (S 28,15,25) (S 59,25,24) (S 72,29,23) (S 53,23,14) (S 54,24,23) (S 52,23,13) (S 23,13,7) (S 8,7,8) (D 0,1,1)
0 1 2 75 241 12  (D 0,1,1) (S 19,16,11) (S 38,17,16) (S 47,20,21) (S 70,28,22) (S 50,21,20) (S 66,27,21) (S 17,11,12) (S 22,12,11) (S 37,11,17) (S 97,38,34) (D 0,1,1)
0 1 3 75 214 12  (D 0,1,1) (S 29,25,15) (S 67,27,26) (S 65,26,32) (S 83,32,27) (S 82,32,26) (S 64,26,25) (S 56,25,24) (S 55,24,25) (S 12,3,9) (S 61,25,26) (D 0,1,1)
0 1 4 75 188 13  (D 0,1,1) (S 14,14,9) (S 30,16,11) (S 43,17,18) (S 42,18,17) (S 41,18,17) (S 40,17,18) (S 34,17,16) (S 46,20,19) (S 32,16,15) (S 15,10,15) (S 49,20,27) (D 0,1,1)
0 1 5 75 212 12  (D 0,1,1) (S 60,24,25) (S 76,31,30) (S 75,30,31) (S 89,35,39) (S 100,39,38) (S 98,38,39) (S 101,39,40) (S 99,39,36) (S 104,40,39) (S 5,3,9) (D 0,1,1)
0 1 6 72 208 13  (D 0,1,1) (S 27,14,24) (S 63,31,25) (S 78,25,31) (S 81,31,32) (S 85,32,36) (S 91,36,35) (S 88,35,34) (S 86,34,29) (S 74,29,34) (S 73,29,30) (S 6,9,3) (D 0,1,1)
0 1 7 75 237 15  (D 0,1,1) (S 1,1,2) (S 71,28,27) (S 90,36,32) (S 92,36,40) (S 93,40,36) (S 103,36,40) (S 102,40,36) (S 96,37,41) (S 95,37,36) (S 105,40,41) (S 94,37,33) (S 84,27,32) (S 35,16,19) (D 0,1,1)
