929
12
0
0
0 1 1 27 61 6
(D 0,1,1) (S 1,1,3) (S 21,3,8) (S 20,8,3) (S 7,3,6) (D 0,1,1)
0 1 2 27 117 8
(D 0,1,1) (S 2,1,17) (S 33,14,16) (S 30,16,14) (S 29,14,16) (S 32,16,14) (S 28,13,15) (D 0,1,1)
0 1 3 21 47 5
(D 0,1,1) (S 3,1,19) (S 4,19,1) (S 34,19,1) (D 0,1,1)
0 1 4 25 85 6
(D 0,1,1) (S 5,1,27) (S 45,26,27) (S 43,22,25) (S 44,23,24) (D 0,1,1)
0 1 5 20 68 5
(D 0,1,1) (S 8,3,8) (S 9,8,3) (S 6,3,4) (D 0,1,1)
0 1 6 25 70 5
(D 0,1,1) (S 16,6,10) (S 17,10,6) (S 15,6,9) (D 0,1,1)
0 1 7 21 79 5
(D 0,1,1) (S 18,7,11) (S 19,11,7) (S 27,7,11) (D 0,1,1)
0 1 8 26 86 6
(D 0,1,1) (S 22,8,9) (S 13,5,9) (S 10,4,5) (S 11,4,6) (D 0,1,1)
0 1 9 23 63 5
(D 0,1,1) (S 23,10,6) (S 24,6,10) (S 35,1,19) (D 0,1,1)
0 1 10 25 83 6
(D 0,1,1) (S 25,10,11) (S 26,11,7) (S 12,5,6) (S 14,6,8) (D 0,1,1)
0 1 11 22 83 6
(D 0,1,1) (S 31,15,20) (S 38,21,20) (S 41,21,23) (S 42,22,23) (D 0,1,1)
0 1 12 26 87 6
(D 0,1,1) (S 36,20,21) (S 37,21,20) (S 39,20,21) (S 40,21,22) (D 0,1,1)
