1833
5
0
0
0 1 1 136 231 24
(D 0,1,1) (S 1,1,5) (S 33,12,19) (S 58,19,32) (S 59,32,19) (S 55,19,18) (S 54,18,19) (S 113,19,32) (S 112,32,19) (S 56,19,18) (S 57,18,19) (S 31,11,12) (S 32,12,11) (S 16,11,6) (S 14,6,7) (S 17,7,4) (S 10,4,7) (S 9,4,3) (S 8,3,2) (S 6,2,5) (S 7,5,2) (S 12,2,5) (S 11,5,2) (D 0,1,1)
0 1 2 235 409 41
(D 0,1,1) (S 3,1,15) (S 42,15,24) (S 81,24,30) (S 111,30,38) (S 164,46,45) (S 161,44,45) (S 171,50,49) (S 169,49,45) (S 160,45,44) (S 158,44,45) (S 162,45,48) (S 170,49,48) (S 168,48,45) (S 159,45,44) (S 156,44,43) (S 157,43,44) (S 150,44,43) (S 151,43,48) (S 152,48,43) (S 125,43,35) (S 119,34,35) (S 124,35,43) (S 148,43,42) (S 144,42,34) (S 145,34,42) (S 115,33,25) (S 83,25,26) (S 67,26,21) (S 61,20,25) (S 116,25,33) (S 118,33,41) (S 142,41,33) (S 86,33,25) (S 82,25,20) (S 60,20,21) (S 70,21,22) (S 71,22,23) (S 72,23,24) (S 77,24,23) (D 0,1,1)
0 1 3 225 402 38
(D 0,1,1) (S 48,10,17) (S 51,17,24) (S 104,24,29) (S 108,29,37) (S 131,37,29) (S 103,29,24) (S 76,24,17) (S 28,17,10) (S 25,10,1) (S 4,1,16) (S 44,16,15) (S 40,15,16) (S 43,16,1) (S 2,1,9) (S 24,9,14) (S 37,14,9) (S 21,9,8) (S 22,8,9) (S 23,9,13) (S 34,13,8) (S 18,8,9) (S 19,9,8) (S 20,8,13) (S 35,13,21) (S 13,5,6) (S 30,6,11) (S 29,11,6) (S 15,6,11) (S 27,10,17) (S 49,17,16) (S 45,16,17) (S 46,17,16) (S 50,16,17) (S 47,17,10) (S 26,10,5) (S 5,2,3) (D 0,1,1)
0 1 4 212 368 40
(D 0,1,1) (S 53,18,17) (S 52,17,31) (S 114,32,40) (S 139,40,39) (S 136,39,40) (S 137,40,39) (S 140,39,40) (S 138,40,32) (S 141,40,47) (S 165,47,39) (S 135,39,30) (S 110,30,29) (S 38,14,15) (S 41,15,23) (S 39,14,22) (S 68,22,13) (S 36,13,22) (S 65,22,21) (S 63,21,20) (S 64,21,22) (S 69,22,21) (S 66,21,26) (S 89,26,25) (S 90,25,26) (S 84,26,25) (S 85,25,33) (S 117,33,34) (S 122,35,27) (S 147,35,43) (S 149,43,44) (S 130,44,36) (S 101,36,28) (S 75,28,23) (S 74,23,28) (S 95,28,23) (S 78,23,24) (S 79,24,29) (S 107,29,30) (D 0,1,1)
0 1 5 220 423 38
(D 0,1,1) (S 132,29,37) (S 167,43,48) (S 166,48,43) (S 146,43,35) (S 123,35,34) (S 143,41,42) (S 121,42,34) (S 120,34,42) (S 100,28,36) (S 128,36,38) (S 134,38,46) (S 163,46,38) (S 133,38,30) (S 105,29,28) (S 93,27,28) (S 98,28,29) (S 80,29,24) (S 73,24,23) (S 96,23,28) (S 97,28,27) (S 106,28,29) (S 99,29,28) (S 92,27,26) (S 88,21,26) (S 91,26,27) (S 94,27,35) (S 154,36,44) (S 155,44,37) (S 109,37,29) (S 102,29,23) (S 127,28,36) (S 129,36,44) (S 153,44,36) (S 126,36,28) (S 87,26,21) (S 62,21,13) (D 0,1,1)
