1077
5
0
0
0 1 1 134 230 22
(D 0,1,1) (S 1,2,1) (S 13,31,6) (S 15,6,7) (S 14,7,6) (S 9,6,7) (S 10,7,6) (S 11,6,11) (S 31,11,12) (S 34,12,18) (S 33,12,11) (S 30,11,6) (S 44,16,10) (S 27,10,14) (S 43,14,15) (S 41,15,14) (S 40,14,15) (S 42,15,14) (S 45,10,16) (S 5,5,6) (S 12,6,31) (D 0,1,1)
0 1 2 125 242 16
(D 0,1,1) (S 36,9,13) (S 38,13,19) (S 47,19,13) (S 35,13,9) (S 24,9,13) (S 37,13,12) (S 32,12,8) (S 17,8,2) (S 2,2,8) (S 16,7,8) (S 23,8,9) (S 21,9,4) (S 3,4,3) (S 4,4,13) (D 0,1,1)
0 1 3 170 280 21
(D 0,1,1) (S 48,13,19) (S 49,19,21) (S 50,21,19) (S 51,19,22) (S 56,22,19) (S 57,19,22) (S 58,22,20) (S 53,20,22) (S 52,22,19) (S 54,21,19) (S 55,19,21) (S 46,18,19) (S 39,19,13) (S 25,13,9) (S 22,9,8) (S 19,8,9) (S 20,9,8) (S 18,8,7) (S 75,31,1) (D 0,1,1)
0 1 4 52 87 10
(D 0,1,1) (S 78,31,6) (S 79,6,31) (S 6,5,10) (S 28,10,16) (S 29,16,10) (S 26,10,5) (S 7,5,31) (S 76,31,5) (D 0,1,1)
0 1 5 147 238 21
(D 0,1,1) (S 80,31,28) (S 70,28,25) (S 65,25,28) (S 66,28,25) (S 71,25,28) (S 72,28,26) (S 67,26,23) (S 64,23,24) (S 63,24,23) (S 59,23,24) (S 60,24,23) (S 61,23,26) (S 62,26,23) (S 68,23,26) (S 69,26,28) (S 73,29,28) (S 74,29,30) (S 8,31,5) (S 77,5,31) (D 0,1,1)
