1019
7
1592700
4592900
0 1 1 41 117 5  (D 0,1,1) (S 3,1,8) (S 5,8,2) (S 6,3,1) (D 0,1,1)
0 1 2 40 159 6  (D 0,1,1) (S 4,2,8) (S 20,8,2) (S 7,3,4) (S 8,4,3) (D 0,1,1)
0 1 3 34 119 6  (D 0,1,1) (S 12,4,3) (S 9,3,6) (S 13,3,4) (S 10,4,1) (D 0,1,1)
0 1 4 31 94 5  (D 0,1,1) (S 14,5,7) (S 19,7,10) (S 1,1,5) (D 0,1,1)
0 1 5 35 100 5  (D 0,1,1) (S 21,2,8) (S 22,8,7) (S 2,1,7) (D 0,1,1)
0 1 6 28 186 9  (D 0,1,1) (S 24,8,9) (S 16,9,6) (S 15,6,9) (S 26,9,6) (S 27,6,9) (S 28,9,10) (S 11,4,2) (D 0,1,1)
0 1 7 35 244 6  (D 0,1,1) (S 25,8,10) (S 17,7,8) (S 18,8,7) (S 23,7,8) (D 0,1,1)
