1845
4
0
0
0 1 1 244 454 33
(D 0,1,1) (S 1,1,2) (S 12,2,3) (S 32,3,9) (S 33,9,10) (S 54,17,16) (S 50,16,9) (S 14,9,3) (S 9,3,2) (S 2,2,1) (S 7,1,2) (S 5,6,1) (S 24,6,13) (S 25,13,6) (S 21,6,5) (S 18,5,11) (S 37,12,6) (S 26,7,2) (S 8,2,3) (S 13,3,9) (S 31,9,3) (S 11,3,2) (S 6,2,1) (S 20,1,6) (S 17,6,5) (S 16,5,6) (S 3,1,5) (S 22,5,6) (S 4,1,6) (S 19,6,1) (S 41,6,13) (S 38,12,11) (D 0,1,1)
0 1 2 241 488 48
(D 0,1,1) (S 10,2,7) (S 27,7,8) (S 69,24,32) (S 85,32,28) (S 100,32,38) (S 101,38,32) (S 71,28,25) (S 70,25,28) (S 84,28,32) (S 96,32,24) (S 66,24,16) (S 51,16,17) (S 53,17,10) (S 15,4,10) (S 65,22,23) (S 94,31,37) (S 117,37,32) (S 99,32,37) (S 115,37,31) (S 116,31,37) (S 118,37,36) (S 146,44,50) (S 160,50,44) (S 145,44,49) (S 159,41,49) (S 153,40,47) (S 151,33,46) (S 150,46,33) (S 103,33,39) (S 104,39,33) (S 105,33,40) (S 130,40,47) (S 152,47,40) (S 129,40,34) (S 108,34,26) (S 74,26,29) (S 88,29,33) (S 127,33,39) (S 125,39,29) (S 75,29,26) (S 87,26,29) (S 80,27,36) (S 81,36,27) (S 55,18,19) (S 90,30,26) (S 42,13,12) (D 0,1,1)
0 1 3 249 479 46
(D 0,1,1) (S 28,7,13) (S 43,13,14) (S 46,14,15) (S 48,15,9) (S 34,9,15) (S 35,15,9) (S 49,9,15) (S 52,16,24) (S 67,24,23) (S 63,22,14) (S 30,14,8) (S 29,8,14) (S 44,14,8) (S 45,8,14) (S 47,14,22) (S 64,22,21) (S 57,21,20) (S 58,20,30) (S 78,30,27) (S 77,27,30) (S 91,30,27) (S 79,27,35) (S 139,42,43) (S 141,43,42) (S 137,42,36) (S 113,36,35) (S 68,24,25) (S 122,32,38) (S 121,38,32) (S 82,28,25) (S 83,25,28) (S 98,28,32) (S 97,32,28) (S 124,38,45) (S 143,45,43) (S 142,43,45) (S 149,45,50) (S 162,50,49) (S 136,49,41) (S 132,41,35) (S 111,36,27) (S 72,26,18) (S 36,11,12) (S 39,12,13) (D 0,1,1)
0 1 4 214 424 43
(D 0,1,1) (S 120,37,43) (S 144,43,50) (S 161,50,45) (S 147,45,43) (S 148,43,45) (S 119,37,38) (S 123,38,43) (S 140,43,37) (S 95,37,31) (S 93,31,27) (S 73,26,19) (S 92,27,30) (S 109,34,35) (S 114,36,42) (S 138,42,41) (S 134,48,41) (S 135,41,49) (S 157,48,49) (S 158,49,41) (S 133,41,48) (S 154,48,41) (S 155,41,48) (S 156,48,47) (S 131,47,40) (S 128,40,33) (S 126,39,33) (S 106,33,46) (S 107,46,33) (S 102,33,29) (S 86,29,26) (S 89,30,20) (S 56,20,21) (S 60,21,20) (S 61,20,21) (S 62,21,27) (S 112,27,36) (S 110,35,27) (S 76,27,21) (S 59,21,13) (S 40,13,6) (S 23,6,12) (D 0,1,1)
