1549
7
86106000
111327000
0 1 1 138 240 23  (D 0,1,1) (S 1,1,9) (S 24,9,8) (S 21,8,13) (S 55,21,22) (S 97,36,38) (S 131,45,48) (S 130,48,45) (S 119,45,44) (S 117,44,45) (S 122,45,48) (S 123,48,45) (S 118,45,44) (S 115,44,37) (S 116,37,44) (S 112,42,43) (S 113,43,35) (S 65,33,25) (S 53,20,25) (S 52,20,21) (S 54,21,13) (S 26,9,14) (D 0,1,1)
0 1 2 136 219 20  (D 0,1,1) (S 20,9,8) (S 19,8,9) (S 2,9,1) (S 23,1,9) (S 22,9,1) (S 45,1,16) (S 43,16,15) (S 38,15,14) (S 27,14,9) (S 36,9,14) (S 41,14,15) (S 61,23,28) (S 68,28,23) (S 42,15,16) (S 44,16,1) (S 3,1,16) (S 4,16,1) (S 5,2,3) (D 0,1,1)
0 1 3 89 166 18  (D 0,1,1) (S 25,8,9) (S 9,5,10) (S 10,10,5) (S 8,5,2) (S 29,5,10) (S 28,10,5) (S 17,6,7) (S 16,7,6) (S 11,6,7) (S 14,7,4) (S 6,4,7) (S 7,7,4) (S 15,4,7) (S 12,7,6) (S 13,6,11) (S 30,10,11) (D 0,1,1)
0 1 4 120 203 18  (D 0,1,1) (S 37,14,15) (S 73,30,17) (S 48,17,31) (S 49,31,17) (S 76,31,17) (S 77,17,31) (S 78,31,32) (S 105,32,40) (S 129,40,47) (S 128,47,40) (S 106,40,39) (S 74,30,24) (S 63,24,29) (S 72,29,24) (S 59,23,14) (S 39,14,23) (D 0,1,1)
0 1 5 132 244 23  (D 0,1,1) (S 57,22,13) (S 58,13,22) (S 34,22,13) (S 33,13,22) (S 32,13,21) (S 56,21,26) (S 66,26,27) (S 67,27,26) (S 114,43,44) (S 99,44,37) (S 98,37,44) (S 120,44,45) (S 124,45,49) (S 134,49,48) (S 132,48,49) (S 133,49,48) (S 135,48,49) (S 136,49,50) (S 137,50,49) (S 121,45,46) (S 125,46,45) (D 0,1,1)
0 1 6 135 221 26  (D 0,1,1) (S 69,23,28) (S 70,28,27) (S 96,36,35) (S 92,35,34) (S 91,34,42) (S 111,42,34) (S 88,34,26) (S 64,25,33) (S 110,33,41) (S 109,41,33) (S 86,33,41) (S 87,41,33) (S 84,33,25) (S 85,25,33) (S 89,34,35) (S 90,35,34) (S 93,34,35) (S 94,35,36) (S 95,36,28) (S 62,28,23) (S 47,15,16) (S 46,16,15) (S 40,15,14) (S 35,14,9) (D 0,1,1)
0 1 7 140 256 23  (D 0,1,1) (S 75,30,39) (S 102,39,47) (S 103,47,39) (S 80,39,31) (S 101,31,39) (S 127,39,47) (S 108,47,40) (S 104,40,32) (S 82,32,40) (S 107,40,47) (S 126,47,39) (S 83,40,32) (S 81,32,31) (S 79,31,39) (S 100,39,31) (S 51,19,12) (S 31,12,7) (S 18,7,12) (S 50,18,17) (S 71,29,23) (S 60,23,24) (D 0,1,1)
