1223
6
23735000
32395500
0 1 1 114 202 21  (D 0,1,1) (S 1,1,6) (S 20,7,3) (S 12,3,7) (S 13,7,3) (S 21,3,7) (S 22,7,13) (S 58,13,19) (S 38,13,12) (S 53,13,18) (S 54,18,17) (S 55,17,18) (S 51,18,17) (S 50,17,18) (S 40,18,13) (S 39,13,18) (S 52,18,13) (S 41,13,19) (S 57,19,13) (S 36,13,7) (D 0,1,1)
0 1 2 150 235 20  (D 0,1,1) (S 19,6,1) (S 27,8,40) (S 8,40,1) (S 6,1,11) (S 33,11,16) (S 46,16,11) (S 47,11,16) (S 48,16,15) (S 49,15,16) (S 45,16,15) (S 44,15,16) (S 34,16,11) (S 32,11,12) (S 35,12,17) (S 56,18,19) (S 42,19,13) (S 23,13,7) (S 37,7,13) (D 0,1,1)
0 1 3 71 152 17  (D 0,1,1) (S 71,24,25) (S 72,25,22) (S 73,25,24) (S 69,24,23) (S 67,24,21) (S 62,21,24) (S 60,21,20) (S 59,20,23) (S 65,23,24) (S 66,24,23) (S 70,23,24) (S 68,21,24) (S 63,24,21) (S 61,21,22) (S 64,22,25) (D 0,1,1)
0 1 4 85 193 14  (D 0,1,1) (S 87,35,34) (S 75,28,27) (S 74,27,28) (S 76,28,35) (S 86,34,26) (S 85,33,1) (S 2,1,8) (S 26,8,9) (S 28,9,15) (S 43,14,8) (S 24,8,1) (S 31,10,9) (D 0,1,1)
0 1 5 149 260 27  (D 0,1,1) (S 91,37,36) (S 88,36,37) (S 92,37,38) (S 94,38,37) (S 90,37,31) (S 84,32,39) (S 96,39,32) (S 97,39,38) (S 93,38,37) (S 89,37,30) (S 81,30,37) (S 83,30,31) (S 82,31,30) (S 79,30,31) (S 80,31,30) (S 78,30,29) (S 77,29,36) (S 95,37,38) (S 18,4,5) (S 17,5,4) (S 15,4,5) (S 16,5,4) (S 14,4,3) (S 11,3,2) (S 9,2,1) (D 0,1,1)
0 1 6 100 181 12  (D 0,1,1) (S 99,1,40) (S 30,1,10) (S 29,10,1) (S 4,1,10) (S 5,10,1) (S 3,8,1) (S 7,1,40) (S 98,40,1) (S 25,1,8) (S 10,2,6) (D 0,1,1)
