987
4
0
0
0 1 1 200 330 23
(D 0,1,1) (S 1,1,5) (S 32,11,6) (S 14,6,11) (S 5,11,1) (S 4,1,11) (S 29,11,1) (S 6,1,19) (S 64,19,1) (S 3,9,1) (S 25,1,9) (S 27,9,19) (S 73,21,23) (S 74,22,19) (S 7,19,1) (S 2,1,9) (S 24,9,1) (S 26,9,3) (S 30,1,11) (S 31,11,5) (S 9,2,5) (S 11,5,2) (D 0,1,1)
0 1 2 122 212 20
(D 0,1,1) (S 37,12,16) (S 63,17,18) (S 62,18,17) (S 46,13,14) (S 44,14,8) (S 45,14,13) (S 40,13,14) (S 41,14,13) (S 39,13,7) (S 23,7,8) (S 22,8,7) (S 17,7,6) (S 18,6,7) (S 21,7,13) (S 42,13,17) (S 54,17,16) (S 53,16,17) (S 56,17,13) (D 0,1,1)
0 1 3 131 209 20
(D 0,1,1) (S 38,12,17) (S 58,17,16) (S 59,16,17) (S 60,17,18) (S 61,18,17) (S 43,17,13) (S 57,13,17) (S 55,17,12) (S 35,12,6) (S 33,6,11) (S 15,11,6) (S 12,6,7) (S 19,7,8) (S 20,8,7) (S 13,7,6) (S 16,6,12) (S 36,12,11) (S 34,11,12) (D 0,1,1)
0 1 4 148 236 19
(D 0,1,1) (S 65,1,19) (S 72,20,21) (S 71,21,20) (S 67,20,21) (S 69,21,15) (S 49,15,21) (S 50,21,15) (S 47,15,16) (S 48,16,15) (S 52,15,16) (S 51,16,15) (S 70,15,21) (S 68,21,20) (S 66,20,1) (S 10,3,9) (S 28,10,2) (S 8,2,4) (D 0,1,1)
