348
7
14624600
19584200
0 1 1 20 52 7  (D 0,1,1) (S 4,4,3) (S 2,3,4) (S 6,4,5) (S 7,5,6) (S 39,17,18) (D 0,1,1)
0 1 2 20 60 8  (D 0,1,1) (S 13,6,7) (S 14,8,7) (S 12,7,6) (S 27,13,14) (S 40,18,17) (S 32,15,16) (D 0,1,1)
0 1 3 20 47 7  (D 0,1,1) (S 5,3,4) (S 31,11,15) (S 30,15,11) (S 26,15,11) (S 25,11,15) (D 0,1,1)
0 1 4 20 44 7  (D 0,1,1) (S 18,5,10) (S 21,10,20) (S 17,10,5) (S 9,10,5) (S 8,5,10) (D 0,1,1)
0 1 5 20 55 8  (D 0,1,1) (S 49,21,20) (S 56,23,22) (S 57,22,23) (S 59,24,21) (S 60,21,24) (S 55,23,20) (D 0,1,1)
0 1 6 19 48 7  (D 0,1,1) (S 54,23,22) (S 53,22,23) (S 58,23,24) (S 51,24,21) (S 50,21,24) (D 0,1,1)
0 1 7 20 42 8  (D 0,1,1) (S 45,10,20) (S 44,20,10) (S 42,9,19) (S 41,19,9) (S 16,19,9) (S 15,9,19) (D 0,1,1)
