2166
8
189009400
211008600
0 1 1 127 250 31  (D 0,1,1) (S 1,1,15) (S 91,23,24) (S 94,24,23) (S 86,23,14) (S 88,23,15) (S 59,15,24) (S 60,24,15) (S 55,15,14) (S 84,22,23) (S 53,23,14) (S 82,14,22) (S 47,13,22) (S 44,13,8) (S 24,8,9) (S 48,14,15) (S 49,15,14) (S 87,14,23) (S 85,22,28) (S 102,28,22) (S 51,22,14) (S 50,14,22) (S 46,13,21) (S 77,21,13) (S 78,21,20) (S 75,20,21) (S 76,20,25) (S 79,21,26) (S 100,26,27) (S 101,27,28) (D 0,1,1)
0 1 2 174 296 29  (D 0,1,1) (S 69,17,30) (S 108,30,17) (S 63,17,16) (S 61,16,1) (S 71,19,12) (S 42,12,19) (S 38,12,7) (S 22,7,12) (S 23,12,7) (S 39,7,12) (S 37,12,11) (S 32,11,6) (S 19,6,11) (S 20,11,6) (S 18,6,5) (S 12,5,1) (S 2,1,16) (S 67,16,17) (S 66,17,16) (S 62,16,17) (S 64,17,10) (S 14,5,10) (S 15,10,5) (S 27,5,10) (S 26,10,5) (S 35,10,11) (S 68,17,18) (D 0,1,1)
0 1 3 144 266 24  (D 0,1,1) (S 93,15,24) (S 92,24,15) (S 57,15,23) (S 90,23,22) (S 80,22,13) (S 45,13,9) (S 25,9,8) (S 56,14,15) (S 54,15,1) (S 117,19,32) (S 113,32,31) (S 111,31,17) (S 31,17,10) (S 13,5,6) (S 33,6,11) (S 29,11,10) (S 28,10,11) (S 73,19,32) (S 74,32,19) (S 6,4,3) (S 4,3,2) (S 3,2,3) (D 0,1,1)
0 1 4 156 291 26  (D 0,1,1) (S 95,24,29) (S 107,29,30) (S 109,30,29) (S 106,29,28) (S 98,27,26) (S 103,28,27) (S 130,28,36) (S 128,36,35) (S 127,35,36) (S 126,35,34) (S 123,33,41) (S 155,41,42) (S 157,42,34) (S 158,34,42) (S 159,42,41) (S 160,41,42) (S 185,43,48) (S 184,48,43) (S 162,43,44) (S 136,44,37) (S 135,37,44) (S 134,36,44) (S 166,44,37) (S 167,37,44) (D 0,1,1)
0 1 5 171 305 30  (D 0,1,1) (S 110,30,38) (S 146,38,39) (S 148,39,47) (S 149,47,39) (S 115,39,31) (S 112,31,32) (S 120,32,40) (S 183,40,47) (S 182,47,40) (S 150,40,32) (S 118,32,31) (S 114,31,39) (S 143,39,31) (S 119,31,32) (S 151,32,40) (S 189,50,49) (S 188,46,50) (S 187,50,46) (S 178,46,50) (S 186,50,45) (S 171,45,46) (S 172,46,45) (S 173,45,49) (S 179,50,46) (S 176,46,45) (S 177,45,46) (S 174,46,38) (S 138,38,37) (D 0,1,1)
0 1 6 118 210 16  (D 0,1,1) (S 133,36,38) (S 175,38,46) (S 170,45,44) (S 168,44,43) (S 169,43,44) (S 163,44,43) (S 164,43,48) (S 165,48,43) (S 161,43,35) (S 124,34,42) (S 125,42,34) (S 156,42,41) (S 154,41,33) (S 122,33,34) (D 0,1,1)
0 1 7 149 261 25  (D 0,1,1) (S 144,31,39) (S 145,39,38) (S 139,38,39) (S 147,39,40) (S 152,40,47) (S 180,47,39) (S 140,39,38) (S 141,38,46) (S 142,46,38) (S 137,38,36) (S 131,36,35) (S 132,35,36) (S 129,36,28) (S 97,26,27) (S 99,27,26) (S 104,28,36) (S 105,36,28) (S 96,26,25) (S 83,22,21) (S 81,22,14) (S 52,14,23) (S 58,23,15) (S 89,15,23) (D 0,1,1)
0 1 8 149 287 24  (D 0,1,1) (S 181,39,47) (S 153,47,40) (S 121,40,32) (S 116,32,19) (S 9,4,3) (S 5,3,4) (S 11,4,7) (S 21,7,4) (S 17,3,6) (S 16,6,3) (S 7,3,6) (S 8,6,3) (S 10,3,4) (S 72,12,19) (S 43,19,12) (S 40,12,11) (S 34,11,10) (S 30,10,17) (S 36,11,12) (S 65,10,17) (S 41,11,12) (S 70,18,19) (D 0,1,1)
