14949
6
0
0
0 1 1 1599 2008 8
(D 0,1,1) (S 1,4,11) (S 4,11,5) (S 13,28,38) (S 14,38,28) (S 17,28,38) (S 16,38,28) (D 0,1,1)
0 1 2 1478 2173 7
(D 0,1,1) (S 5,12,5) (S 2,5,12) (S 3,12,5) (S 6,5,12) (S 12,21,20) (D 0,1,1)
0 1 3 1774 2814 9
(D 0,1,1) (S 10,19,18) (S 26,55,56) (S 28,56,55) (S 31,62,54) (S 7,16,1) (S 9,19,18) (S 8,18,19) (D 0,1,1)
0 1 4 1123 2062 7
(D 0,1,1) (S 11,18,19) (S 15,35,48) (S 34,49,64) (S 32,63,55) (S 29,55,56) (D 0,1,1)
0 1 5 1806 2833 8
(D 0,1,1) (S 21,48,47) (S 27,56,55) (S 22,47,48) (S 35,65,66) (S 20,48,47) (S 19,47,48) (D 0,1,1)
0 1 6 1826 3059 8
(D 0,1,1) (S 33,64,49) (S 23,49,64) (S 24,64,49) (S 30,59,50) (S 25,51,50) (S 18,39,40) (D 0,1,1)
