581
9
8229800
13417000
0 1 1 24 70 8  (D 0,1,1) (S 1,1,3) (S 13,3,4) (S 7,2,5) (S 5,2,3) (S 2,3,1) (S 40,5,8) (D 0,1,1)
0 1 2 27 77 9  (D 0,1,1) (S 11,3,1) (S 19,4,3) (S 9,6,2) (S 31,6,8) (S 25,8,5) (S 23,4,9) (S 38,7,11) (D 0,1,1)
0 1 3 27 74 9  (D 0,1,1) (S 16,3,8) (S 39,8,5) (S 14,4,3) (S 8,2,6) (S 28,6,2) (S 32,6,10) (S 37,10,7) (D 0,1,1)
0 1 4 22 54 7  (D 0,1,1) (S 17,3,9) (S 49,9,10) (S 46,10,7) (S 35,7,9) (S 47,7,10) (D 0,1,1)
0 1 5 12 34 5  (D 0,1,1) (S 20,3,4) (S 10,2,7) (S 34,7,8) (D 0,1,1)
0 1 6 26 63 8  (D 0,1,1) (S 24,5,8) (S 41,8,9) (S 43,9,10) (S 44,10,9) (S 36,7,10) (S 15,3,7) (D 0,1,1)
0 1 7 27 62 7  (D 0,1,1) (S 26,5,9) (S 45,9,11) (S 4,1,5) (S 6,2,4) (S 21,4,6) (D 0,1,1)
0 1 8 27 75 10  (D 0,1,1) (S 27,5,10) (S 48,10,9) (S 33,6,11) (S 51,11,10) (S 50,10,11) (S 52,11,10) (S 53,10,11) (S 18,3,11) (D 0,1,1)
0 1 9 27 72 8  (D 0,1,1) (S 42,8,11) (S 29,2,6) (S 30,6,7) (S 3,1,4) (S 22,4,7) (S 12,1,3) (D 0,1,1)
