1511
6
58461400
87470500
0 1 1 139 271 24  (D 0,1,1) (S 1,1,2) (S 8,7,2) (S 9,7,8) (S 11,8,9) (S 2,3,4) (S 3,4,10) (S 13,10,4) (S 12,8,14) (S 36,16,17) (S 35,17,16) (S 31,16,15) (S 28,15,23) (S 56,23,24) (S 59,24,23) (S 51,23,22) (S 47,21,27) (S 77,27,31) (S 64,31,27) (S 63,27,31) (S 58,31,23) (S 29,23,15) (S 27,15,16) (D 0,1,1)
0 1 2 102 198 18  (D 0,1,1) (S 10,7,13) (S 21,13,6) (S 18,6,12) (S 17,12,6) (S 40,11,19) (S 39,19,11) (S 15,11,19) (S 38,18,29) (S 37,18,19) (S 16,19,11) (S 14,11,5) (S 4,5,1) (S 5,5,6) (S 6,6,12) (S 7,12,6) (S 20,12,20) (D 0,1,1)
0 1 3 135 250 21  (D 0,1,1) (S 23,13,14) (S 49,14,22) (S 55,22,23) (S 54,23,22) (S 75,23,31) (S 74,31,23) (S 48,22,14) (S 26,15,14) (S 53,15,23) (S 57,23,31) (S 73,31,22) (S 25,22,14) (S 24,14,22) (S 50,22,23) (S 52,23,15) (S 32,16,17) (S 33,17,16) (S 30,16,9) (S 34,16,24) (D 0,1,1)
0 1 4 148 354 30  (D 0,1,1) (S 60,26,19) (S 114,46,47) (S 115,47,40) (S 97,40,41) (S 103,41,48) (S 104,48,41) (S 100,41,40) (S 99,40,47) (S 118,49,44) (S 119,49,50) (S 110,50,43) (S 95,45,38) (S 91,38,28) (S 81,28,32) (S 80,32,28) (S 112,38,45) (S 113,45,50) (S 121,43,50) (S 122,50,45) (S 109,43,50) (S 120,50,43) (S 108,43,38) (S 93,38,37) (S 94,38,45) (S 111,45,38) (S 92,38,32) (S 66,28,32) (S 67,32,28) (D 0,1,1)
0 1 5 122 242 19  (D 0,1,1) (S 69,20,30) (S 62,30,27) (S 106,36,42) (S 105,42,36) (S 89,36,42) (S 90,42,36) (S 88,36,27) (S 61,27,30) (S 68,30,20) (S 42,21,20) (S 43,20,30) (S 44,30,20) (S 41,20,21) (S 45,21,20) (S 46,20,21) (S 19,12,13) (S 22,13,12) (D 0,1,1)
0 1 6 89 196 22  (D 0,1,1) (S 79,31,37) (S 78,31,32) (S 76,31,27) (S 65,27,35) (S 84,35,34) (S 82,34,30) (S 101,40,41) (S 117,41,48) (S 116,48,41) (S 102,41,42) (S 107,42,41) (S 98,41,40) (S 96,40,34) (S 87,34,35) (S 86,35,34) (S 83,34,35) (S 85,35,27) (S 71,27,30) (S 70,30,27) (S 72,30,34) (D 0,1,1)
