489
5
0
0
0 1 1 29 43 11
(D 0,1,1) (S 1,1,2) (S 11,2,4) (S 10,4,2) (S 6,2,4) (S 7,4,2) (S 4,2,1) (S 5,1,2) (S 2,2,1) (S 3,1,3) (D 0,1,1)
0 1 2 46 112 17
(D 0,1,1) (S 12,4,3) (S 8,3,1) (S 9,3,9) (S 48,19,20) (S 52,20,19) (S 50,19,22) (S 51,22,19) (S 34,15,11) (S 27,5,10) (S 26,10,5) (S 22,6,12) (S 30,12,16) (S 44,16,17) (S 43,17,16) (S 38,16,12) (D 0,1,1)
0 1 3 50 117 15
(D 0,1,1) (S 29,5,11) (S 28,11,5) (S 17,5,11) (S 18,11,5) (S 20,5,6) (S 21,6,7) (S 23,7,6) (S 14,6,5) (S 13,5,6) (S 19,6,5) (S 15,5,10) (S 16,10,5) (S 25,9,19) (D 0,1,1)
0 1 4 46 120 15
(D 0,1,1) (S 58,19,22) (S 57,22,19) (S 35,15,16) (S 40,16,17) (S 42,17,13) (S 32,13,12) (S 33,13,14) (S 24,8,14) (S 45,18,14) (S 46,18,17) (S 41,17,16) (S 31,16,12) (S 39,12,16) (D 0,1,1)
0 1 5 50 97 16
(D 0,1,1) (S 59,22,23) (S 60,23,24) (S 62,24,21) (S 55,21,15) (S 36,15,21) (S 37,21,15) (S 56,15,21) (S 61,24,23) (S 63,24,23) (S 64,23,24) (S 49,20,19) (S 47,19,9) (S 53,19,20) (S 54,20,21) (D 0,1,1)
