1055
8
968600
1330500
0 1 1 24 55 4  (D 0,1,1) (S 2,1,3) (S 7,3,1) (D 0,1,1)
0 1 2 27 78 4  (D 0,1,1) (S 4,1,4) (S 8,1,3) (D 0,1,1)
0 1 3 32 60 5  (D 0,1,1) (S 5,2,3) (S 3,3,1) (S 1,1,2) (D 0,1,1)
0 1 4 28 193 8  (D 0,1,1) (S 6,2,8) (S 24,8,12) (S 23,12,8) (S 16,8,12) (S 17,12,8) (S 15,8,9) (D 0,1,1)
0 1 5 33 205 5  (D 0,1,1) (S 10,4,11) (S 11,11,4) (S 22,11,13) (D 0,1,1)
0 1 6 28 113 4  (D 0,1,1) (S 12,6,10) (S 18,10,11) (D 0,1,1)
0 1 7 27 176 5  (D 0,1,1) (S 14,7,9) (S 19,11,4) (S 9,4,10) (D 0,1,1)
0 1 8 35 175 5  (D 0,1,1) (S 20,4,11) (S 21,11,12) (S 13,6,12) (D 0,1,1)
