976
6
10778800
13251800
0 1 1 46 151 10  (D 0,1,1) (S 1,1,5) (S 24,5,6) (S 19,5,1) (S 39,9,10) (S 40,10,18) (S 46,12,17) (S 34,12,8) (S 45,8,12) (D 0,1,1)
0 1 2 48 191 15  (D 0,1,1) (S 21,5,6) (S 42,6,11) (S 27,6,15) (S 47,13,22) (S 9,2,22) (S 6,2,3) (S 12,3,9) (S 13,9,3) (S 14,3,21) (S 15,21,3) (S 36,3,9) (S 32,9,8) (S 33,8,12) (D 0,1,1)
0 1 3 32 106 8  (D 0,1,1) (S 28,7,2) (S 5,2,1) (S 4,1,11) (S 41,11,6) (S 25,6,11) (S 43,11,16) (D 0,1,1)
0 1 4 49 195 11  (D 0,1,1) (S 29,7,4) (S 18,4,11) (S 26,11,6) (S 23,6,5) (S 2,5,1) (S 20,1,5) (S 7,2,4) (S 16,4,1) (S 3,1,10) (D 0,1,1)
0 1 5 48 223 11  (D 0,1,1) (S 37,9,8) (S 38,8,9) (S 11,3,8) (S 31,8,9) (S 10,3,4) (S 17,4,6) (S 22,6,5) (S 8,2,5) (S 30,7,13) (D 0,1,1)
0 1 6 24 110 8  (D 0,1,1) (S 48,14,15) (S 49,16,17) (S 44,12,8) (S 35,9,3) (S 50,21,3) (S 51,3,21) (D 0,1,1)
