1722
6
82417600
87380600
0 1 1 165 303 18  (D 0,1,1) (S 1,1,2) (S 15,3,4) (S 35,4,11) (S 34,11,4) (S 14,4,3) (S 10,3,2) (S 12,3,4) (S 21,4,5) (S 20,5,4) (S 16,4,5) (S 17,5,4) (S 18,4,11) (S 19,11,4) (S 13,4,3) (S 9,3,2) (S 11,2,3) (D 0,1,1)
0 1 2 132 340 26  (D 0,1,1) (S 36,11,24) (S 71,24,23) (S 64,22,15) (S 43,15,16) (S 33,16,10) (S 30,9,10) (S 32,10,16) (S 47,16,15) (S 63,21,22) (S 69,22,23) (S 70,23,24) (S 72,24,23) (S 65,22,21) (S 62,21,20) (S 80,20,26) (S 82,26,31) (S 97,31,32) (S 83,27,28) (S 103,33,34) (S 104,34,33) (S 106,33,34) (S 105,34,33) (S 73,23,24) (S 67,23,22) (D 0,1,1)
0 1 3 154 317 20  (D 0,1,1) (S 41,13,19) (S 55,19,13) (S 40,13,2) (S 2,2,1) (S 7,1,2) (S 6,2,1) (S 27,1,7) (S 28,7,6) (S 23,6,7) (S 26,7,1) (S 4,1,7) (S 5,7,1) (S 3,1,6) (S 38,6,12) (S 37,12,6) (S 24,6,12) (S 25,12,6) (S 22,6,1) (D 0,1,1)
0 1 4 44 119 9  (D 0,1,1) (S 46,10,16) (S 49,16,17) (S 51,17,16) (S 44,16,15) (S 48,15,16) (S 45,16,10) (S 31,10,9) (D 0,1,1)
0 1 5 164 359 25  (D 0,1,1) (S 50,16,23) (S 66,22,23) (S 68,23,22) (S 84,27,32) (S 102,32,33) (S 101,33,32) (S 99,32,33) (S 100,33,32) (S 98,32,31) (S 95,31,30) (S 87,30,29) (S 85,29,25) (S 76,25,26) (S 79,26,20) (S 60,20,26) (S 81,26,25) (S 77,25,30) (S 88,30,25) (S 74,25,19) (S 54,19,12) (S 75,19,25) (S 29,8,2) (S 8,2,3) (D 0,1,1)
0 1 6 126 284 20  (D 0,1,1) (S 56,13,19) (S 57,19,25) (S 89,25,30) (S 92,30,31) (S 93,31,30) (S 78,30,25) (S 58,25,19) (S 42,19,13) (S 39,12,19) (S 52,18,12) (S 53,18,29) (S 86,29,30) (S 90,30,29) (S 91,29,30) (S 96,30,31) (S 94,31,26) (S 61,26,20) (S 59,20,21) (D 0,1,1)
