1145
10
0
0
0 1 1 40 72 9
(D 0,1,1) (S 1,1,2) (S 4,2,1) (S 5,1,2) (S 2,2,1) (S 3,1,3) (S 9,3,4) (S 7,4,3) (D 0,1,1)
0 1 2 28 90 7
(D 0,1,1) (S 10,5,11) (S 23,11,15) (S 24,15,11) (S 35,15,11) (S 36,11,15) (D 0,1,1)
0 1 3 36 96 5
(D 0,1,1) (S 15,9,10) (S 17,10,9) (S 18,9,10) (D 0,1,1)
0 1 4 37 107 7
(D 0,1,1) (S 19,10,11) (S 22,11,10) (S 16,10,9) (S 14,9,3) (S 6,3,4) (D 0,1,1)
0 1 5 36 123 7
(D 0,1,1) (S 20,10,20) (S 52,24,21) (S 47,21,20) (S 46,20,21) (S 48,21,15) (D 0,1,1)
0 1 6 40 150 8
(D 0,1,1) (S 25,12,6) (S 33,8,14) (S 13,14,8) (S 12,8,14) (S 11,8,7) (S 39,16,15) (D 0,1,1)
0 1 7 35 132 9
(D 0,1,1) (S 37,15,16) (S 41,17,18) (S 32,14,8) (S 34,14,18) (S 43,18,14) (S 30,12,13) (S 40,17,13) (D 0,1,1)
0 1 8 40 133 7
(D 0,1,1) (S 38,15,21) (S 49,21,20) (S 50,20,21) (S 53,24,23) (S 51,23,22) (D 0,1,1)
0 1 9 31 125 7
(D 0,1,1) (S 44,18,17) (S 29,13,12) (S 27,12,13) (S 31,13,17) (S 8,4,3) (D 0,1,1)
0 1 10 37 117 7
(D 0,1,1) (S 45,17,18) (S 42,18,17) (S 28,13,12) (S 26,12,11) (S 21,11,5) (D 0,1,1)
