44345
7
2474235900
21635359100
0 1 1 1428 4043 24  (D 0,1,1) (S 2,210,1) (S 282,211,210) (S 322,225,226) (S 321,226,225) (S 320,226,225) (S 319,225,226) (S 358,242,241) (S 357,241,242) (S 266,242,204) (S 265,204,242) (S 361,242,241) (S 362,241,242) (S 359,242,204) (S 360,204,242) (S 444,203,281) (S 443,281,203) (S 264,203,204) (S 263,204,203) (S 262,281,203) (S 261,203,281) (S 259,203,204) (S 260,204,203) (D 0,1,1)
0 1 2 1997 4663 29  (D 0,1,1) (S 279,210,1) (S 280,1,210) (S 284,210,211) (S 442,279,280) (S 441,280,279) (S 462,289,290) (S 460,290,289) (S 368,246,245) (S 367,245,246) (S 369,246,245) (S 370,245,246) (S 428,272,273) (S 427,273,272) (S 426,273,272) (S 425,272,273) (S 344,274,235) (S 343,235,274) (S 341,235,236) (S 342,236,235) (S 429,274,235) (S 346,235,236) (S 345,236,235) (S 430,235,274) (S 450,49,284) (S 474,297,296) (S 470,295,294) (S 455,287,286) (D 0,1,1)
0 1 3 1905 7278 32  (D 0,1,1) (S 62,128,129) (S 94,219,141) (S 96,141,142) (S 216,152,184) (S 150,158,159) (S 149,159,158) (S 148,159,158) (S 147,158,159) (S 130,184,152) (S 131,152,285) (S 99,142,183) (S 100,183,142) (S 451,285,152) (S 129,152,184) (S 125,152,142) (S 126,142,152) (S 124,152,151) (S 123,151,152) (S 463,291,292) (S 464,292,291) (S 152,8,160) (S 151,160,8) (S 437,278,224) (S 315,224,113) (S 316,113,224) (S 438,224,278) (S 95,142,141) (S 302,141,219) (S 424,219,271) (S 309,221,220) (D 0,1,1)
0 1 4 1999 6992 35  (D 0,1,1) (S 97,142,152) (S 98,152,142) (S 214,142,183) (S 213,183,142) (S 452,152,285) (S 3,8,160) (S 4,160,8) (S 396,257,258) (S 395,258,257) (S 394,258,257) (S 393,257,258) (S 298,288,217) (S 295,217,216) (S 296,216,217) (S 458,217,288) (S 457,288,217) (S 294,217,216) (S 293,216,217) (S 314,222,223) (S 313,223,222) (S 312,223,222) (S 311,222,223) (S 297,217,288) (S 318,278,224) (S 36,224,113) (S 35,113,224) (S 317,224,278) (S 92,142,141) (S 195,177,176) (S 191,176,177) (S 61,129,128) (S 46,10,123) (S 8,123,10) (D 0,1,1)
0 1 5 1980 6878 40  (D 0,1,1) (S 155,162,161) (S 327,229,162) (S 331,230,229) (S 306,271,219) (S 307,220,221) (S 91,141,142) (S 215,184,152) (S 132,285,152) (S 127,152,151) (S 128,151,152) (S 466,291,292) (S 465,292,291) (S 352,239,238) (S 354,238,239) (S 353,239,238) (S 351,238,239) (S 190,237,175) (S 186,175,174) (S 160,164,163) (S 162,163,164) (S 161,164,163) (S 159,163,164) (S 188,174,175) (S 350,175,237) (S 349,237,175) (S 187,175,174) (S 185,174,175) (S 189,175,237) (S 348,32,237) (S 347,237,32) (S 9,32,237) (S 10,237,32) (S 206,198,180) (S 205,180,198) (S 194,198,176) (S 196,176,177) (S 93,141,219) (S 310,220,221) (D 0,1,1)
0 1 6 1973 6560 44  (D 0,1,1) (S 6,127,9) (S 87,139,140) (S 89,140,139) (S 257,202,201) (S 33,108,197) (S 241,197,108) (S 269,205,197) (S 34,197,108) (S 267,205,171) (S 268,171,205) (S 31,108,171) (S 32,171,108) (S 178,108,171) (S 177,171,108) (S 242,108,197) (S 243,197,205) (S 180,205,171) (S 179,171,205) (S 253,201,202) (S 90,139,140) (S 184,172,173) (S 183,173,172) (S 182,173,172) (S 181,172,173) (S 218,186,185) (S 220,185,186) (S 219,186,185) (S 217,185,186) (S 170,168,167) (S 172,167,168) (S 171,168,167) (S 169,167,168) (S 340,45,234) (S 339,234,45) (S 17,45,234) (S 18,234,45) (S 270,197,205) (S 244,205,197) (S 256,212,201) (S 255,201,212) (S 254,202,201) (S 238,196,195) (D 0,1,1)
0 1 7 1942 7931 45  (D 0,1,1) (S 47,123,124) (S 48,124,123) (S 50,123,124) (S 49,124,123) (S 133,153,154) (S 137,154,156) (S 136,153,154) (S 142,154,156) (S 135,154,153) (S 140,156,155) (S 144,155,156) (S 143,156,155) (S 139,155,156) (S 141,156,154) (S 134,154,153) (S 138,156,154) (S 24,233,68) (S 338,68,233) (S 337,233,68) (S 23,68,233) (S 300,219,218) (S 299,218,219) (S 303,219,218) (S 304,218,219) (S 305,219,271) (S 423,271,219) (S 308,221,220) (S 301,219,141) (S 192,177,176) (S 193,176,198) (S 447,283,282) (S 445,282,283) (S 291,215,125) (S 51,125,126) (S 52,126,125) (S 56,125,126) (S 55,126,125) (S 292,125,215) (S 53,125,215) (S 398,78,259) (S 397,259,78) (S 27,78,259) (S 28,259,78) (D 0,1,1)
