1913
8
194141300
235794100
0 1 1 111 226 19  (D 0,1,1) (S 9,3,4) (S 11,4,5) (S 16,5,11) (S 33,11,12) (S 18,6,12) (S 34,12,6) (S 81,20,27) (S 86,27,33) (S 90,27,28) (S 89,28,27) (S 78,27,26) (S 77,26,27) (S 80,27,20) (S 55,20,17) (S 31,11,5) (S 14,5,4) (S 15,4,5) (D 0,1,1)
0 1 2 118 237 15  (D 0,1,1) (S 13,4,10) (S 97,25,31) (S 98,31,30) (S 94,30,31) (S 76,31,25) (S 73,25,15) (S 37,14,13) (S 19,7,1) (S 24,8,9) (S 26,9,10) (S 27,10,4) (S 10,4,3) (S 4,3,2) (D 0,1,1)
0 1 3 115 223 19  (D 0,1,1) (S 21,7,13) (S 72,24,30) (S 99,30,31) (S 95,31,30) (S 93,30,29) (S 68,23,14) (S 40,14,24) (S 71,24,25) (S 75,25,31) (S 96,31,25) (S 74,25,24) (S 70,24,14) (S 38,14,15) (S 41,15,10) (S 28,10,9) (S 25,9,3) (S 7,3,2) (D 0,1,1)
0 1 4 83 128 8  (D 0,1,1) (S 23,2,8) (S 22,8,2) (S 3,2,3) (S 5,2,8) (S 6,8,2) (S 2,2,1) (D 0,1,1)
0 1 5 129 319 20  (D 0,1,1) (S 29,10,11) (S 54,19,26) (S 103,32,36) (S 119,39,38) (S 114,38,39) (S 109,39,35) (S 107,35,36) (S 111,36,40) (S 112,37,33) (S 104,33,37) (S 120,38,39) (S 115,39,38) (S 113,38,34) (S 105,34,29) (S 91,29,23) (S 67,23,13) (S 35,13,7) (S 20,7,8) (D 0,1,1)
0 1 6 129 227 18  (D 0,1,1) (S 32,5,11) (S 58,20,27) (S 84,27,28) (S 87,28,22) (S 63,22,21) (S 61,21,22) (S 65,22,28) (S 66,28,22) (S 62,22,21) (S 60,21,20) (S 56,20,19) (S 53,19,16) (S 48,16,17) (S 46,17,11) (S 17,11,5) (S 12,5,4) (D 0,1,1)
0 1 7 130 306 21  (D 0,1,1) (S 36,13,23) (S 69,23,29) (S 92,29,34) (S 106,34,35) (S 108,35,39) (S 116,39,35) (S 117,35,39) (S 118,39,36) (S 110,36,32) (S 101,32,26) (S 83,26,27) (S 82,27,26) (S 79,26,32) (S 102,32,31) (S 100,31,35) (S 121,39,40) (S 45,16,19) (S 30,10,15) (S 8,2,3) (D 0,1,1)
0 1 8 130 247 17  (D 0,1,1) (S 57,20,21) (S 64,21,22) (S 88,22,28) (S 85,28,27) (S 59,27,20) (S 52,17,18) (S 51,18,17) (S 49,17,18) (S 50,18,17) (S 47,17,16) (S 43,16,17) (S 44,17,16) (S 42,16,15) (S 39,14,23) (S 1,1,2) (D 0,1,1)
