998
6
22345800
26955900
0 1 1 40 0 3  (D 0,1,1) (S 1,2,2) (D 0,1,1)
0 1 2 75 217 12  (D 0,1,1) (S 59,8,9) (S 53,9,3) (S 2,3,3) (S 3,4,4) (S 58,4,3) (S 52,3,9) (S 70,9,15) (S 12,15,15) (S 21,25,25) (S 36,22,23) (D 0,1,1)
0 1 3 74 187 11  (D 0,1,1) (S 16,19,19) (S 66,19,20) (S 77,20,14) (S 42,15,22) (S 73,28,22) (S 60,22,28) (S 31,22,21) (S 63,21,15) (S 33,15,14) (D 0,1,1)
0 1 4 63 162 12  (D 0,1,1) (S 8,11,11) (S 68,11,5) (S 4,5,5) (S 79,5,11) (S 74,11,10) (S 80,3,10) (S 49,10,9) (S 48,9,10) (S 7,10,10) (S 57,10,3) (D 0,1,1)
0 1 5 72 222 12  (D 0,1,1) (S 24,28,28) (S 76,28,34) (S 56,34,24) (S 71,24,11) (S 82,11,24) (S 20,24,24) (S 47,34,33) (S 83,33,32) (S 61,32,27) (S 23,27,27) (D 0,1,1)
0 1 6 75 210 13  (D 0,1,1) (S 28,26,31) (S 39,31,30) (S 38,30,31) (S 64,31,32) (S 46,33,34) (S 75,34,28) (S 85,28,27) (S 27,32,32) (S 22,26,26) (S 17,20,20) (S 44,12,13) (D 0,1,1)
