876
7
72113600
102481800
0 1 1 65 147 10  (D 0,1,1) (S 4,6,6) (S 13,18,18) (S 79,18,13) (S 44,7,13) (S 6,8,8) (S 86,1,11) (S 25,38,38) (S 81,3,4) (D 0,1,1)
0 1 2 63 111 8  (D 0,1,1) (S 21,33,33) (S 80,33,26) (S 17,26,26) (S 61,26,33) (S 53,34,33) (S 52,33,34) (D 0,1,1)
0 1 3 65 103 9  (D 0,1,1) (S 1,2,2) (S 42,1,35) (S 51,34,27) (S 50,27,34) (S 64,34,35) (S 22,35,35) (S 83,1,40) (D 0,1,1)
0 1 4 55 106 9  (D 0,1,1) (S 12,16,16) (S 35,15,14) (S 34,14,15) (S 77,15,9) (S 7,9,9) (S 8,10,10) (S 68,10,9) (D 0,1,1)
0 1 5 59 147 11  (D 0,1,1) (S 30,1,6) (S 28,18,19) (S 29,19,18) (S 84,21,24) (S 16,23,23) (S 75,24,21) (S 89,21,20) (S 5,7,7) (S 40,22,25) (D 0,1,1)
0 1 6 60 142 11  (D 0,1,1) (S 33,36,2) (S 85,3,37) (S 26,39,39) (S 58,5,39) (S 37,39,32) (S 62,32,31) (S 73,31,37) (S 88,37,38) (S 36,32,39) (D 0,1,1)
0 1 7 65 120 11  (D 0,1,1) (S 10,12,12) (S 90,12,11) (S 38,11,16) (S 72,16,15) (S 63,15,16) (S 39,16,11) (S 65,11,12) (S 31,6,1) (S 71,2,1) (D 0,1,1)
