6398
6
116948500
309928400
0 1 1 190 1327 10  (D 0,1,1) (S 1,27,27) (S 53,23,31) (S 52,30,31) (S 2,31,31) (S 3,42,42) (S 8,50,50) (S 21,1,2) (S 25,5,6) (D 0,1,1)
0 1 2 185 810 8  (D 0,1,1) (S 54,31,32) (S 58,33,36) (S 56,32,34) (S 13,34,34) (S 47,23,26) (S 48,26,27) (D 0,1,1)
0 1 3 189 1237 11  (D 0,1,1) (S 57,32,35) (S 64,35,41) (S 18,41,41) (S 63,35,39) (S 16,37,37) (S 60,37,38) (S 94,59,69) (S 62,39,40) (S 106,21,51) (D 0,1,1)
0 1 4 188 1238 11  (D 0,1,1) (S 10,15,15) (S 35,15,17) (S 36,15,18) (S 104,15,77) (S 96,70,71) (S 98,71,73) (S 97,71,72) (S 99,72,73) (S 76,52,53) (D 0,1,1)
0 1 5 189 1190 10  (D 0,1,1) (S 41,21,22) (S 87,60,62) (S 92,66,68) (S 91,62,66) (S 88,62,63) (S 90,63,65) (S 15,65,65) (S 89,63,64) (D 0,1,1)
0 1 6 181 596 11  (D 0,1,1) (S 49,26,28) (S 50,28,29) (S 51,25,29) (S 6,29,29) (S 46,25,26) (S 102,23,75) (S 20,24,24) (S 42,22,75) (S 7,75,75) (D 0,1,1)
