1498
6
41369000
46115700
0 1 1 93 156 14  (D 0,1,1) (S 43,2,1) (S 96,1,6) (S 3,6,6) (S 97,6,1) (S 42,1,2) (S 99,8,14) (S 10,14,14) (S 81,14,13) (S 41,13,7) (S 4,7,7) (S 40,7,13) (S 9,13,13) (D 0,1,1)
0 1 2 113 197 16  (D 0,1,1) (S 62,3,10) (S 27,10,4) (S 26,4,10) (S 63,10,3) (S 66,3,4) (S 2,4,4) (S 50,4,5) (S 60,5,11) (S 73,11,17) (S 28,17,24) (S 29,24,17) (S 98,17,16) (S 35,16,10) (S 74,10,9) (D 0,1,1)
0 1 3 130 252 17  (D 0,1,1) (S 77,2,13) (S 8,12,12) (S 55,12,6) (S 54,6,12) (S 33,19,13) (S 103,13,2) (S 89,8,9) (S 6,9,9) (S 86,10,11) (S 7,11,11) (S 61,11,5) (S 51,5,4) (S 67,4,3) (S 75,3,9) (S 13,17,17) (D 0,1,1)
0 1 4 136 277 21  (D 0,1,1) (S 72,2,8) (S 5,8,8) (S 15,20,20) (S 31,20,19) (S 70,19,12) (S 24,19,25) (S 20,25,25) (S 25,25,19) (S 57,19,18) (S 56,18,19) (S 78,25,26) (S 23,31,31) (S 22,29,29) (S 80,29,18) (S 83,18,29) (S 71,29,25) (S 84,25,29) (S 14,18,18) (S 1,2,2) (D 0,1,1)
0 1 5 165 332 23  (D 0,1,1) (S 32,13,19) (S 30,19,20) (S 92,27,28) (S 101,28,27) (S 102,27,26) (S 21,26,26) (S 88,21,27) (S 95,27,32) (S 58,32,33) (S 59,33,32) (S 69,32,31) (S 45,31,30) (S 44,30,31) (S 100,31,26) (S 47,26,20) (S 82,21,22) (S 19,24,24) (S 91,24,11) (S 94,11,10) (S 93,9,10) (S 12,16,16) (D 0,1,1)
0 1 6 163 284 24  (D 0,1,1) (S 34,10,16) (S 18,23,23) (S 36,23,28) (S 38,28,33) (S 52,33,34) (S 37,28,23) (S 90,23,16) (S 76,16,23) (S 64,22,28) (S 48,28,34) (S 49,34,28) (S 53,34,33) (S 39,33,28) (S 65,28,22) (S 79,22,15) (S 11,15,15) (S 85,15,22) (S 17,22,22) (S 16,21,21) (S 46,20,26) (S 68,20,14) (S 87,14,8) (D 0,1,1)
