1281
8
140363500
166096300
0 1 1 75 139 11  (D 0,1,1) (S 7,11,11) (S 72,11,12) (S 8,12,12) (S 10,15,15) (S 81,19,20) (S 11,16,16) (S 93,16,19) (S 15,20,20) (S 54,19,16) (D 0,1,1)
0 1 2 60 122 11  (D 0,1,1) (S 6,10,10) (S 41,10,9) (S 61,7,1) (S 97,1,7) (S 4,7,7) (S 32,9,14) (S 33,14,9) (S 92,8,2) (S 94,3,2) (D 0,1,1)
0 1 3 74 199 12  (D 0,1,1) (S 22,30,30) (S 98,30,29) (S 69,29,34) (S 63,34,38) (S 67,38,39) (S 55,39,35) (S 71,34,29) (S 70,29,23) (S 77,23,13) (S 59,15,16) (D 0,1,1)
0 1 4 75 166 12  (D 0,1,1) (S 40,9,10) (S 38,11,17) (S 13,18,18) (S 20,28,28) (S 45,22,21) (S 44,21,22) (S 88,22,28) (S 58,28,27) (S 85,27,20) (S 66,20,27) (D 0,1,1)
0 1 5 75 127 13  (D 0,1,1) (S 1,2,2) (S 34,5,6) (S 35,6,5) (S 89,6,12) (S 80,12,11) (S 86,11,5) (S 43,5,4) (S 42,4,5) (S 3,4,4) (S 83,4,10) (S 62,10,15) (D 0,1,1)
0 1 6 70 181 13  (D 0,1,1) (S 16,23,23) (S 21,29,29) (S 26,35,35) (S 57,34,35) (S 29,38,38) (S 30,39,39) (S 90,39,40) (S 31,40,40) (S 14,19,19) (S 5,8,8) (S 79,2,3) (D 0,1,1)
0 1 7 74 144 13  (D 0,1,1) (S 37,15,14) (S 56,14,13) (S 68,13,23) (S 76,23,24) (S 46,24,30) (S 47,30,24) (S 96,24,14) (S 36,14,15) (S 75,15,10) (S 2,3,3) (S 52,3,9) (D 0,1,1)
0 1 8 75 203 14  (D 0,1,1) (S 23,31,31) (S 78,31,32) (S 27,36,36) (S 48,36,40) (S 49,40,36) (S 74,36,32) (S 73,36,37) (S 28,37,37) (S 95,41,40) (S 91,41,37) (S 64,37,33) (S 25,33,33) (D 0,1,1)
