728
6
109791200
137204000
0 1 1 59 128 9  (D 0,1,1) (S 58,1,35) (S 59,35,1) (S 91,1,40) (S 23,40,40) (S 5,9,9) (S 40,11,16) (S 38,1,10) (D 0,1,1)
0 1 2 65 159 11  (D 0,1,1) (S 52,1,33) (S 18,33,33) (S 53,33,1) (S 67,11,12) (S 81,6,7) (S 27,34,27) (S 42,29,30) (S 87,6,12) (S 8,13,13) (D 0,1,1)
0 1 3 54 97 10  (D 0,1,1) (S 80,2,6) (S 11,18,18) (S 36,22,25) (S 29,22,18) (S 104,18,17) (S 95,17,13) (S 33,13,7) (S 47,7,3) (D 0,1,1)
0 1 4 39 78 11  (D 0,1,1) (S 83,2,3) (S 90,3,4) (S 73,3,37) (S 71,37,36) (S 100,36,37) (S 86,38,37) (S 63,37,3) (S 46,3,7) (S 3,7,7) (D 0,1,1)
0 1 5 62 134 13  (D 0,1,1) (S 45,38,4) (S 44,4,38) (S 94,38,39) (S 69,5,39) (S 78,39,38) (S 102,31,37) (S 98,37,38) (S 22,39,39) (S 17,32,32) (S 101,5,4) (S 66,4,3) (D 0,1,1)
0 1 6 65 132 14  (D 0,1,1) (S 12,20,20) (S 48,24,25) (S 49,25,24) (S 31,24,23) (S 35,23,20) (S 34,20,23) (S 30,23,24) (S 97,24,21) (S 84,21,22) (S 64,21,24) (S 37,25,22) (S 68,22,21) (D 0,1,1)
