974
6
122132800
143700300
0 1 1 65 115 9  (D 0,1,1) (S 8,15,15) (S 77,15,9) (S 6,9,9) (S 68,9,2) (S 72,3,2) (S 71,2,9) (S 86,2,3) (D 0,1,1)
0 1 2 65 192 11  (D 0,1,1) (S 28,15,10) (S 35,10,19) (S 36,19,10) (S 75,10,9) (S 4,7,7) (S 93,4,7) (S 21,7,8) (S 89,8,13) (S 60,30,25) (D 0,1,1)
0 1 3 65 188 11  (D 0,1,1) (S 41,22,25) (S 54,30,26) (S 16,26,26) (S 53,26,30) (S 66,23,22) (S 94,28,29) (S 87,29,22) (S 83,22,29) (S 78,29,21) (D 0,1,1)
0 1 4 65 155 11  (D 0,1,1) (S 10,17,17) (S 45,17,22) (S 46,22,17) (S 58,22,21) (S 13,21,21) (S 40,21,16) (S 74,16,13) (S 84,13,8) (S 5,8,8) (D 0,1,1)
0 1 5 60 128 11  (D 0,1,1) (S 22,8,7) (S 62,7,4) (S 3,6,6) (S 90,6,7) (S 65,7,6) (S 2,4,4) (S 59,4,5) (S 44,5,1) (S 43,1,5) (D 0,1,1)
0 1 6 64 196 13  (D 0,1,1) (S 27,10,15) (S 30,15,14) (S 91,14,8) (S 48,13,12) (S 47,12,13) (S 63,13,16) (S 57,14,13) (S 64,12,11) (S 7,11,11) (S 14,24,24) (S 79,21,22) (D 0,1,1)
