333
7
4222800
5719700
0 1 1 15 0 3  (D 0,1,1) (S 1,2,2) (D 0,1,1)
0 1 2 27 60 6  (D 0,1,1) (S 2,3,3) (S 16,2,9) (S 6,7,7) (S 10,7,11) (D 0,1,1)
0 1 3 17 38 5  (D 0,1,1) (S 14,2,4) (S 22,2,8) (S 7,8,8) (D 0,1,1)
0 1 4 21 50 5  (D 0,1,1) (S 3,4,4) (S 17,4,7) (S 23,7,8) (D 0,1,1)
0 1 5 25 59 6  (D 0,1,1) (S 21,7,9) (S 5,6,6) (S 18,6,11) (S 15,1,2) (D 0,1,1)
0 1 6 23 60 6  (D 0,1,1) (S 9,1,9) (S 12,6,9) (S 19,9,10) (S 8,10,10) (D 0,1,1)
0 1 7 26 66 7  (D 0,1,1) (S 11,1,11) (S 13,7,10) (S 20,1,8) (S 24,1,5) (S 4,5,5) (D 0,1,1)
