1095
8
66383000
78747900
0 1 1 69 178 13  (D 0,1,1) (S 6,13,13) (S 84,8,13) (S 87,8,9) (S 92,25,20) (S 83,20,25) (S 39,41,42) (S 26,42,42) (S 27,43,43) (S 23,37,37) (S 64,44,37) (S 44,36,44) (D 0,1,1)
0 1 2 66 111 12  (D 0,1,1) (S 1,2,2) (S 82,1,9) (S 76,9,13) (S 66,13,22) (S 13,22,22) (S 58,22,14) (S 53,14,15) (S 100,15,16) (S 9,16,16) (S 107,23,24) (D 0,1,1)
0 1 3 65 121 14  (D 0,1,1) (S 3,5,5) (S 109,5,6) (S 86,4,3) (S 68,3,4) (S 42,4,7) (S 93,7,12) (S 91,12,7) (S 32,12,19) (S 97,12,11) (S 103,11,12) (S 48,11,18) (S 11,18,18) (D 0,1,1)
0 1 4 67 128 14  (D 0,1,1) (S 12,21,21) (S 71,26,25) (S 21,33,33) (S 81,33,25) (S 59,25,26) (S 52,26,27) (S 113,27,35) (S 88,28,27) (S 60,9,1) (S 105,1,10) (S 108,10,11) (S 5,11,11) (D 0,1,1)
0 1 5 70 145 14  (D 0,1,1) (S 38,15,24) (S 15,24,24) (S 18,29,29) (S 49,29,30) (S 25,39,39) (S 89,39,40) (S 112,32,31) (S 62,47,40) (S 114,32,19) (S 78,19,32) (S 54,32,40) (S 20,31,31) (D 0,1,1)
0 1 6 58 125 14  (D 0,1,1) (S 72,10,17) (S 10,17,17) (S 96,17,30) (S 70,47,39) (S 111,39,31) (S 95,31,32) (S 46,9,14) (S 7,14,14) (S 43,14,23) (S 14,23,23) (S 8,15,15) (S 73,15,23) (D 0,1,1)
0 1 7 70 146 15  (D 0,1,1) (S 2,3,3) (S 50,3,6) (S 4,6,6) (S 74,6,5) (S 94,1,16) (S 40,17,31) (S 99,39,38) (S 110,38,36) (S 47,28,29) (S 79,30,24) (S 69,29,24) (S 61,29,23) (S 90,23,29) (D 0,1,1)
0 1 8 69 141 15  (D 0,1,1) (S 36,17,24) (S 85,24,23) (S 17,28,28) (S 101,27,28) (S 16,25,25) (S 45,20,21) (S 41,26,34) (S 22,34,34) (S 106,34,35) (S 80,35,43) (S 56,43,35) (S 115,36,38) (S 19,30,30) (D 0,1,1)
