1572
6
277774000
333548800
0 1 1 95 153 18  (D 0,1,1) (S 48,4,3) (S 47,3,4) (S 31,3,6) (S 41,6,11) (S 49,11,12) (S 42,11,6) (S 115,6,5) (S 4,10,10) (S 61,10,17) (S 62,17,10) (S 88,10,5) (S 120,5,6) (S 2,6,6) (S 32,6,3) (S 116,3,2) (S 129,2,3) (D 0,1,1)
0 1 2 148 265 23  (D 0,1,1) (S 87,5,10) (S 7,17,17) (S 109,18,19) (S 17,39,39) (S 35,39,47) (S 60,47,40) (S 59,40,47) (S 36,47,39) (S 92,39,40) (S 44,40,32) (S 54,32,31) (S 53,31,32) (S 43,32,40) (S 18,40,40) (S 14,29,29) (S 138,30,17) (S 130,17,30) (S 124,30,29) (S 111,29,30) (S 105,30,38) (S 100,38,37) (D 0,1,1)
0 1 3 175 306 27  (D 0,1,1) (S 56,17,16) (S 126,16,1) (S 137,1,16) (S 55,16,17) (S 83,31,39) (S 80,39,38) (S 127,38,36) (S 66,36,35) (S 16,35,35) (S 65,35,36) (S 144,36,44) (S 33,43,44) (S 34,44,43) (S 45,43,48) (S 46,48,43) (S 99,43,35) (S 106,35,34) (S 63,34,42) (S 64,42,34) (S 76,42,41) (S 119,41,33) (S 132,33,41) (S 75,41,42) (S 19,42,42) (S 15,34,34) (D 0,1,1)
0 1 4 153 246 28  (D 0,1,1) (S 6,15,15) (S 131,15,1) (S 98,1,15) (S 68,15,14) (S 67,14,15) (S 85,15,24) (S 86,24,15) (S 112,24,23) (S 74,23,14) (S 73,14,23) (S 38,23,15) (S 37,15,23) (S 8,18,18) (S 69,19,32) (S 70,32,19) (S 78,19,12) (S 77,12,19) (S 24,12,7) (S 122,7,4) (S 139,4,7) (S 23,7,12) (S 50,12,11) (S 58,11,10) (S 57,10,11) (S 5,11,11) (S 1,2,2) (D 0,1,1)
0 1 5 169 305 30  (D 0,1,1) (S 10,23,23) (S 93,23,22) (S 103,22,23) (S 123,23,24) (S 71,38,46) (S 108,50,49) (S 20,45,45) (S 140,45,49) (S 21,48,48) (S 22,49,49) (S 82,50,46) (S 81,46,50) (S 30,46,45) (S 29,45,46) (S 72,46,38) (S 143,50,45) (S 95,45,44) (S 28,44,37) (S 27,37,44) (S 26,36,28) (S 145,28,27) (S 52,27,26) (S 25,28,36) (S 97,36,38) (S 79,38,39) (S 84,39,31) (S 128,31,17) (S 107,17,18) (D 0,1,1)
0 1 6 148 297 31  (D 0,1,1) (S 96,5,1) (S 11,24,24) (S 114,24,29) (S 104,29,28) (S 136,26,25) (S 12,25,25) (S 113,33,34) (S 89,20,25) (S 91,22,13) (S 118,13,21) (S 101,13,9) (S 142,13,22) (S 141,21,13) (S 94,13,8) (S 121,8,9) (S 117,9,8) (S 3,9,9) (S 39,14,22) (S 133,22,21) (S 9,21,21) (S 40,22,14) (S 135,22,28) (S 125,28,22) (S 110,21,20) (S 134,20,21) (S 102,21,26) (S 13,26,26) (S 51,26,27) (S 90,27,28) (D 0,1,1)
