490
6
26393500
38474100
0 1 1 27 97 7  (D 0,1,1) (S 1,3,3) (S 31,1,17) (S 10,19,19) (S 53,5,9) (S 42,1,24) (D 0,1,1)
0 1 2 26 56 6  (D 0,1,1) (S 44,3,8) (S 5,8,8) (S 2,4,4) (S 45,4,10) (D 0,1,1)
0 1 3 26 57 6  (D 0,1,1) (S 48,3,4) (S 30,4,5) (S 3,5,5) (S 38,6,8) (D 0,1,1)
0 1 4 27 125 9  (D 0,1,1) (S 14,26,26) (S 19,26,23) (S 12,23,23) (S 41,22,25) (S 8,16,16) (S 46,15,20) (S 52,13,14) (D 0,1,1)
0 1 5 27 92 8  (D 0,1,1) (S 32,1,15) (S 6,14,14) (S 39,14,21) (S 34,21,23) (S 49,22,23) (S 18,23,26) (D 0,1,1)
0 1 6 25 63 8  (D 0,1,1) (S 33,3,6) (S 51,6,10) (S 40,10,11) (S 4,7,7) (S 17,7,6) (S 16,6,7) (D 0,1,1)
