1078
9
54244900
63377000
0 1 1 65 134 10  (D 0,1,1) (S 37,36,35) (S 36,35,36) (S 49,36,2) (S 84,2,3) (S 93,7,6) (S 5,7,7) (S 38,33,34) (S 90,1,2) (D 0,1,1)
0 1 2 65 149 10  (D 0,1,1) (S 30,26,27) (S 31,27,26) (S 50,26,34) (S 75,34,35) (S 24,35,35) (S 65,35,34) (S 80,2,1) (S 92,10,9) (D 0,1,1)
0 1 3 51 86 10  (D 0,1,1) (S 2,4,4) (S 63,37,30) (S 59,30,29) (S 58,29,30) (S 68,30,31) (S 21,31,31) (S 81,37,3) (S 77,3,4) (D 0,1,1)
0 1 4 63 124 10  (D 0,1,1) (S 12,16,16) (S 8,11,11) (S 74,11,12) (S 9,12,12) (S 91,12,11) (S 62,11,1) (S 86,40,1) (S 73,1,40) (D 0,1,1)
0 1 5 63 116 10  (D 0,1,1) (S 42,13,19) (S 43,19,13) (S 69,21,20) (S 15,20,20) (S 85,20,17) (S 13,17,17) (S 61,18,17) (S 67,13,18) (D 0,1,1)
0 1 6 61 119 11  (D 0,1,1) (S 28,31,38) (S 33,39,32) (S 22,32,32) (S 32,32,39) (S 76,39,38) (S 94,38,39) (S 3,5,5) (S 60,39,5) (S 27,38,38) (D 0,1,1)
0 1 7 65 112 11  (D 0,1,1) (S 29,38,31) (S 78,31,37) (S 89,37,36) (S 64,2,6) (S 48,2,36) (S 45,36,29) (S 44,29,36) (S 25,36,36) (S 26,37,37) (D 0,1,1)
0 1 8 64 129 11  (D 0,1,1) (S 57,6,1) (S 66,1,8) (S 40,8,14) (S 41,14,8) (S 95,9,8) (S 83,8,9) (S 82,9,10) (S 56,1,6) (S 88,6,2) (D 0,1,1)
0 1 9 65 109 13  (D 0,1,1) (S 14,18,18) (S 96,18,13) (S 16,21,21) (S 55,25,22) (S 54,22,25) (S 18,24,24) (S 47,24,23) (S 46,23,24) (S 72,24,21) (S 70,21,22) (S 17,22,22) (D 0,1,1)
