490
8
7924900
8739700
0 1 1 21 0 3  (D 0,1,1) (S 1,2,2) (D 0,1,1)
0 1 2 26 51 4  (D 0,1,1) (S 3,4,4) (S 20,2,7) (D 0,1,1)
0 1 3 27 85 7  (D 0,1,1) (S 25,3,9) (S 16,9,10) (S 9,10,10) (S 11,6,10) (S 17,6,9) (D 0,1,1)
0 1 4 24 68 6  (D 0,1,1) (S 5,6,6) (S 29,6,8) (S 30,5,10) (S 21,5,8) (D 0,1,1)
0 1 5 27 60 7  (D 0,1,1) (S 7,8,8) (S 26,1,4) (S 23,2,3) (S 13,3,7) (S 6,7,7) (D 0,1,1)
0 1 6 27 74 7  (D 0,1,1) (S 18,5,7) (S 31,3,11) (S 33,3,10) (S 15,3,5) (S 4,5,5) (D 0,1,1)
0 1 7 26 72 8  (D 0,1,1) (S 22,8,9) (S 8,9,9) (S 14,4,11) (S 28,7,10) (S 2,3,3) (S 19,3,4) (D 0,1,1)
0 1 8 27 80 7  (D 0,1,1) (S 27,4,5) (S 24,5,11) (S 32,7,9) (S 12,1,11) (S 10,1,7) (D 0,1,1)
