1055
7
249536700
321316900
0 1 1 74 133 12  (D 0,1,1) (S 1,2,2) (S 11,14,14) (S 62,15,16) (S 13,16,16) (S 86,16,9) (S 85,9,8) (S 93,8,9) (S 63,11,19) (S 92,19,26) (S 65,47,48) (D 0,1,1)
0 1 2 69 134 13  (D 0,1,1) (S 8,11,11) (S 96,11,5) (S 4,5,5) (S 57,5,6) (S 103,6,13) (S 105,13,6) (S 5,6,6) (S 79,6,1) (S 100,1,6) (S 73,6,7) (S 102,7,13) (D 0,1,1)
0 1 3 75 160 13  (D 0,1,1) (S 50,14,15) (S 39,43,43) (S 108,38,28) (S 101,28,32) (S 28,32,32) (S 80,32,38) (S 54,38,43) (S 104,45,50) (S 46,50,50) (S 41,45,45) (S 34,38,38) (D 0,1,1)
0 1 4 67 132 13  (D 0,1,1) (S 67,2,3) (S 3,4,4) (S 2,3,3) (S 7,9,9) (S 19,22,22) (S 18,21,21) (S 10,13,13) (S 94,13,7) (S 88,7,8) (S 6,8,8) (S 74,8,7) (D 0,1,1)
0 1 5 71 171 15  (D 0,1,1) (S 55,3,9) (S 48,9,15) (S 81,31,22) (S 106,22,21) (S 59,21,27) (S 49,27,35) (S 66,35,36) (S 98,42,44) (S 56,44,50) (S 76,50,43) (S 83,45,43) (S 33,37,37) (S 84,37,43) (D 0,1,1)
0 1 6 75 173 15  (D 0,1,1) (S 69,9,16) (S 109,17,10) (S 95,10,17) (S 14,17,17) (S 87,16,24) (S 53,24,25) (S 25,28,28) (S 22,25,25) (S 21,24,24) (S 71,24,23) (S 110,31,23) (S 91,23,31) (S 27,31,31) (D 0,1,1)
0 1 7 70 152 16  (D 0,1,1) (S 89,7,6) (S 9,12,12) (S 107,12,13) (S 47,13,14) (S 12,15,15) (S 32,36,36) (S 31,35,35) (S 40,44,44) (S 64,44,49) (S 45,49,49) (S 97,49,48) (S 72,48,41) (S 61,34,40) (S 36,40,40) (D 0,1,1)
