414
7
8007600
8730100
0 1 1 25 0 3  (D 0,1,1) (S 1,2,2) (D 0,1,1)
0 1 2 15 52 4  (D 0,1,1) (S 2,4,4) (S 20,2,5) (D 0,1,1)
0 1 3 26 85 9  (D 0,1,1) (S 15,3,10) (S 8,1,3) (S 24,3,6) (S 3,6,6) (S 23,6,10) (S 14,8,10) (S 12,1,2) (D 0,1,1)
0 1 4 21 68 5  (D 0,1,1) (S 11,2,9) (S 22,6,7) (S 4,7,7) (D 0,1,1)
0 1 5 18 58 5  (D 0,1,1) (S 19,3,11) (S 7,11,11) (S 17,1,7) (D 0,1,1)
0 1 6 22 65 6  (D 0,1,1) (S 13,3,5) (S 9,5,7) (S 18,1,10) (S 5,8,8) (D 0,1,1)
0 1 7 27 86 6  (D 0,1,1) (S 21,4,9) (S 6,9,9) (S 10,6,9) (S 16,1,5) (D 0,1,1)
