531
7
29415000
38622600
0 1 1 11 0 3  (D 0,1,1) (S 1,2,2) (D 0,1,1)
0 1 2 27 66 4  (D 0,1,1) (S 6,14,14) (S 19,21,20) (D 0,1,1)
0 1 3 27 86 7  (D 0,1,1) (S 7,15,15) (S 29,15,20) (S 18,20,21) (S 10,21,21) (S 8,16,16) (D 0,1,1)
0 1 4 27 74 6  (D 0,1,1) (S 17,19,1) (S 37,1,3) (S 24,6,10) (S 2,4,4) (D 0,1,1)
0 1 5 27 94 6  (D 0,1,1) (S 30,6,9) (S 35,5,6) (S 43,6,8) (S 32,8,9) (D 0,1,1)
0 1 6 27 92 6  (D 0,1,1) (S 44,10,11) (S 15,11,7) (S 14,7,11) (S 25,10,6) (D 0,1,1)
0 1 7 27 119 8  (D 0,1,1) (S 26,3,6) (S 40,4,6) (S 46,4,5) (S 36,5,9) (S 4,12,12) (S 3,6,6) (D 0,1,1)
