374
8
22340900
34472200
0 1 1 4 0 3  (D 0,1,1) (S 1,2,2) (D 0,1,1)
0 1 2 20 55 6  (D 0,1,1) (S 7,8,8) (S 51,8,7) (S 23,7,6) (S 22,6,7) (D 0,1,1)
0 1 3 20 52 7  (D 0,1,1) (S 3,4,4) (S 10,12,12) (S 40,13,14) (S 12,14,14) (S 6,7,7) (D 0,1,1)
0 1 4 20 47 7  (D 0,1,1) (S 4,5,5) (S 32,5,10) (S 26,10,11) (S 27,11,10) (S 44,20,23) (D 0,1,1)
0 1 5 20 47 7  (D 0,1,1) (S 30,10,20) (S 25,23,22) (S 37,22,19) (S 43,19,20) (S 8,9,9) (D 0,1,1)
0 1 6 20 55 8  (D 0,1,1) (S 17,19,9) (S 16,9,19) (S 24,22,23) (S 48,23,20) (S 31,20,10) (S 33,10,5) (D 0,1,1)
0 1 7 20 62 9  (D 0,1,1) (S 34,13,17) (S 42,17,18) (S 35,17,13) (S 45,18,17) (S 13,16,16) (S 46,16,15) (S 36,15,16) (D 0,1,1)
0 1 8 20 56 11  (D 0,1,1) (S 38,2,4) (S 2,3,3) (S 18,11,15) (S 19,15,11) (S 21,21,15) (S 49,16,12) (S 11,13,13) (S 5,6,6) (S 9,11,11) (D 0,1,1)
