789
6
4475500
5971900
0 1 1 40 127 7  (D 0,1,1) (S 18,4,5) (S 3,5,5) (S 35,11,5) (S 13,1,2) (S 39,15,21) (D 0,1,1)
0 1 2 40 127 8  (D 0,1,1) (S 7,11,11) (S 20,11,15) (S 33,16,12) (S 34,12,11) (S 44,15,16) (S 6,10,10) (D 0,1,1)
0 1 3 40 131 7  (D 0,1,1) (S 21,19,22) (S 42,19,9) (S 40,9,19) (S 22,19,20) (S 41,20,23) (D 0,1,1)
0 1 4 39 121 8  (D 0,1,1) (S 9,16,16) (S 45,17,13) (S 8,12,12) (S 14,17,18) (S 31,14,13) (S 27,13,17) (D 0,1,1)
0 1 5 39 154 8  (D 0,1,1) (S 23,23,22) (S 38,22,23) (S 26,23,24) (S 29,24,21) (S 24,24,23) (S 43,23,20) (D 0,1,1)
0 1 6 38 129 9  (D 0,1,1) (S 28,12,6) (S 4,6,6) (S 5,7,7) (S 25,8,7) (S 16,8,14) (S 37,14,18) (S 10,18,18) (D 0,1,1)
