967
8
43236600
55218300
0 1 1 65 140 9  (D 0,1,1) (S 16,26,26) (S 94,26,33) (S 56,34,33) (S 20,34,34) (S 6,8,8) (S 95,3,37) (S 21,35,35) (D 0,1,1)
0 1 2 61 114 11  (D 0,1,1) (S 2,4,4) (S 22,38,38) (S 3,5,5) (S 30,39,32) (S 80,32,31) (S 89,31,30) (S 18,31,31) (S 71,31,37) (S 97,37,38) (D 0,1,1)
0 1 3 64 129 12  (D 0,1,1) (S 4,6,6) (S 33,18,22) (S 99,22,21) (S 34,22,18) (S 100,21,22) (S 13,18,18) (S 64,18,13) (S 10,13,13) (S 90,13,18) (S 74,37,3) (D 0,1,1)
0 1 4 63 121 11  (D 0,1,1) (S 31,12,17) (S 32,17,12) (S 93,12,11) (S 45,11,16) (S 46,16,11) (S 81,15,16) (S 83,16,10) (S 9,12,12) (S 61,12,6) (D 0,1,1)
0 1 5 53 107 11  (D 0,1,1) (S 43,29,30) (S 44,30,29) (S 63,30,31) (S 23,39,39) (S 29,32,39) (S 88,5,39) (S 82,39,38) (S 76,38,37) (S 1,2,2) (D 0,1,1)
0 1 6 64 113 11  (D 0,1,1) (S 54,6,1) (S 78,1,11) (S 8,11,11) (S 11,16,16) (S 40,15,14) (S 36,14,8) (S 98,9,8) (S 62,8,40) (S 24,40,40) (D 0,1,1)
0 1 7 61 120 12  (D 0,1,1) (S 53,1,6) (S 60,7,3) (S 59,3,7) (S 41,18,19) (S 42,19,18) (S 70,21,20) (S 12,17,17) (S 72,7,6) (S 69,6,7) (S 5,7,7) (D 0,1,1)
0 1 8 61 123 13  (D 0,1,1) (S 73,2,6) (S 14,20,20) (S 28,23,20) (S 27,20,23) (S 15,23,23) (S 92,24,21) (S 85,21,24) (S 52,25,24) (S 51,24,25) (S 26,25,22) (S 25,22,25) (D 0,1,1)
