1558
6
51388700
60713200
0 1 1 130 285 18  (D 0,1,1) (S 57,30,24) (S 95,24,25) (S 52,25,31) (S 46,35,39) (S 70,39,36) (S 47,39,35) (S 82,35,36) (S 37,39,38) (S 96,38,34) (S 99,34,35) (S 24,35,35) (S 41,31,30) (S 109,30,29) (S 90,29,23) (S 72,23,13) (S 93,13,14) (D 0,1,1)
0 1 2 129 259 19  (D 0,1,1) (S 48,2,8) (S 108,9,14) (S 76,14,23) (S 89,15,14) (S 8,14,14) (S 63,14,24) (S 40,30,31) (S 77,31,32) (S 100,32,36) (S 25,36,36) (S 62,36,40) (S 27,40,40) (S 20,31,31) (S 31,24,23) (S 30,23,24) (S 15,24,24) (S 14,23,23) (D 0,1,1)
0 1 3 130 242 21  (D 0,1,1) (S 78,12,6) (S 4,6,6) (S 64,6,12) (S 73,12,11) (S 71,11,16) (S 94,16,19) (S 58,19,20) (S 12,20,20) (S 10,17,17) (S 11,18,18) (S 29,17,16) (S 111,20,19) (S 106,19,26) (S 84,26,25) (S 79,25,15) (S 107,24,14) (S 80,14,15) (S 87,15,10) (S 65,2,1) (D 0,1,1)
0 1 4 129 271 21  (D 0,1,1) (S 91,13,23) (S 68,23,29) (S 19,29,29) (S 23,34,34) (S 88,34,38) (S 36,38,39) (S 86,39,40) (S 26,37,37) (S 42,37,41) (S 43,41,37) (S 83,37,33) (S 61,33,37) (S 17,26,26) (S 92,26,32) (S 102,32,31) (S 53,31,25) (S 103,25,26) (S 16,25,25) (S 6,10,10) (D 0,1,1)
0 1 5 130 239 22  (D 0,1,1) (S 28,16,17) (S 101,17,20) (S 38,20,27) (S 55,27,21) (S 34,21,22) (S 13,22,22) (S 35,22,21) (S 104,21,20) (S 54,21,27) (S 18,27,27) (S 44,27,28) (S 45,28,27) (S 112,27,33) (S 22,33,33) (S 21,32,32) (S 39,27,20) (S 59,20,17) (S 69,19,16) (S 60,10,15) (S 1,2,2) (D 0,1,1)
0 1 6 124 262 23  (D 0,1,1) (S 5,7,7) (S 98,9,3) (S 2,3,3) (S 49,8,2) (S 110,10,9) (S 67,9,10) (S 50,5,11) (S 51,11,5) (S 56,11,12) (S 9,16,16) (S 85,16,11) (S 105,11,10) (S 97,10,11) (S 33,5,4) (S 32,4,5) (S 3,4,4) (S 66,4,10) (S 75,7,13) (S 7,13,13) (S 81,8,9) (S 74,1,2) (D 0,1,1)
