1013
6
39465300
43865700
0 1 1 65 140 9  (D 0,1,1) (S 1,2,2) (S 40,10,15) (S 10,15,15) (S 53,15,14) (S 52,14,15) (S 88,15,9) (S 19,25,25) (D 0,1,1)
0 1 2 65 169 10  (D 0,1,1) (S 27,10,3) (S 26,3,10) (S 48,10,19) (S 49,19,10) (S 78,10,9) (S 59,9,10) (S 63,9,15) (S 85,7,6) (D 0,1,1)
0 1 3 65 139 9  (D 0,1,1) (S 12,17,17) (S 24,17,22) (S 25,22,17) (S 50,17,18) (S 13,18,18) (S 31,19,15) (S 41,15,10) (D 0,1,1)
0 1 4 64 179 10  (D 0,1,1) (S 37,8,5) (S 36,5,8) (S 62,7,4) (S 3,4,4) (S 73,4,5) (S 45,5,1) (S 44,1,5) (S 86,25,29) (D 0,1,1)
0 1 5 64 176 11  (D 0,1,1) (S 69,13,16) (S 11,16,16) (S 15,21,21) (S 32,21,28) (S 33,28,21) (S 87,21,29) (S 84,29,22) (S 77,22,21) (S 57,11,12) (D 0,1,1)
0 1 6 65 210 13  (D 0,1,1) (S 75,8,14) (S 17,23,23) (S 54,26,30) (S 66,30,29) (S 72,29,28) (S 21,28,28) (S 14,20,20) (S 18,24,24) (S 22,29,29) (S 9,14,14) (S 82,22,29) (D 0,1,1)
