1142
7
46544100
54691600
0 1 1 62 113 10  (D 0,1,1) (S 44,10,11) (S 50,11,5) (S 40,5,6) (S 41,6,5) (S 61,6,12) (S 5,12,12) (S 45,11,10) (S 89,10,15) (D 0,1,1)
0 1 2 75 217 15  (D 0,1,1) (S 95,2,8) (S 94,8,2) (S 110,4,3) (S 101,3,4) (S 59,4,10) (S 65,15,10) (S 33,9,8) (S 2,3,3) (S 38,15,25) (S 63,30,29) (S 52,17,20) (S 80,8,7) (S 72,16,19) (D 0,1,1)
0 1 3 75 146 11  (D 0,1,1) (S 6,14,14) (S 58,13,14) (S 88,24,14) (S 86,14,13) (S 90,13,23) (S 76,23,14) (S 78,13,7) (S 104,7,1) (S 67,1,2) (D 0,1,1)
0 1 4 73 156 12  (D 0,1,1) (S 4,11,11) (S 102,11,12) (S 47,17,16) (S 75,20,17) (S 51,18,22) (S 35,22,21) (S 34,21,22) (S 11,20,20) (S 31,5,4) (S 30,4,5) (D 0,1,1)
0 1 5 61 145 12  (D 0,1,1) (S 71,19,26) (S 37,31,25) (S 108,31,32) (S 49,32,27) (S 77,27,20) (S 28,20,21) (S 29,21,20) (S 92,20,19) (S 57,19,16) (S 20,3,9) (D 0,1,1)
0 1 6 75 185 14  (D 0,1,1) (S 81,23,29) (S 74,29,34) (S 64,34,38) (S 98,38,39) (S 18,39,39) (S 82,39,38) (S 109,38,34) (S 100,34,29) (S 85,29,23) (S 84,29,30) (S 21,9,3) (S 1,2,2) (D 0,1,1)
0 1 7 73 180 16  (D 0,1,1) (S 13,24,24) (S 36,25,31) (S 66,31,35) (S 68,35,34) (S 62,34,35) (S 54,35,39) (S 56,40,41) (S 17,37,37) (S 87,41,37) (S 93,37,41) (S 19,41,41) (S 83,33,27) (S 79,27,33) (S 8,16,16) (D 0,1,1)
