34200
7
19289318600
91785453100
0 1 1 1912 7467 28  (D 0,1,1) (S 169,169,169) (S 405,97,325) (S 406,326,97) (S 600,187,423) (S 404,325,97) (S 407,97,326) (S 601,423,187) (S 187,187,187) (S 97,97,97) (S 12,12,12) (S 166,166,166) (S 171,171,171) (S 354,174,295) (S 663,452,62) (S 703,474,473) (S 715,478,313) (S 620,94,251) (S 673,457,316) (S 336,285,55) (S 678,460,461) (S 305,266,265) (S 696,469,470) (S 322,45,277) (S 242,10,228) (S 373,306,305) (S 668,106,358) (D 0,1,1)
0 1 2 944 2838 20  (D 0,1,1) (S 185,185,185) (S 694,185,468) (S 695,468,185) (S 735,468,105) (S 105,105,105) (S 448,345,197) (S 644,197,96) (S 197,197,197) (S 96,96,96) (S 645,96,197) (S 408,327,328) (S 409,328,327) (S 667,454,453) (S 666,453,454) (S 302,263,264) (S 303,264,263) (S 193,193,193) (S 77,77,77) (D 0,1,1)
0 1 3 1940 4462 23  (D 0,1,1) (S 205,204,1) (S 691,465,427) (S 690,427,465) (S 711,477,465) (S 710,465,477) (S 440,339,329) (S 410,329,299) (S 360,299,300) (S 361,300,299) (S 411,299,329) (S 494,329,96) (S 642,96,441) (S 453,348,346) (S 685,347,464) (S 684,464,347) (S 643,441,96) (S 495,96,329) (S 441,329,339) (S 721,339,480) (S 734,105,468) (S 90,90,90) (D 0,1,1)
0 1 4 1920 4681 29  (D 0,1,1) (S 399,322,321) (S 398,321,322) (S 725,160,149) (S 724,149,160) (S 160,160,160) (S 149,149,149) (S 145,145,145) (S 87,87,87) (S 445,342,341) (S 191,191,191) (S 727,341,483) (S 726,483,341) (S 444,341,342) (S 130,130,130) (S 129,129,129) (S 115,115,115) (S 531,386,385) (S 530,385,386) (S 677,459,458) (S 676,458,459) (S 231,223,222) (S 230,222,223) (S 545,394,393) (S 544,393,394) (S 229,221,220) (S 228,220,221) (S 21,21,21) (D 0,1,1)
0 1 5 1997 5099 35  (D 0,1,1) (S 204,1,204) (S 661,451,450) (S 660,450,451) (S 746,451,3) (S 747,3,451) (S 745,489,488) (S 744,488,489) (S 743,488,451) (S 607,428,427) (S 606,427,428) (S 447,344,343) (S 446,343,344) (S 181,181,181) (S 641,440,439) (S 640,439,440) (S 594,418,419) (S 595,419,418) (S 599,422,421) (S 598,421,422) (S 383,312,311) (S 382,311,312) (S 283,253,252) (S 282,252,253) (S 365,303,302) (S 364,302,303) (S 362,23,301) (S 363,301,23) (S 683,463,243) (S 682,243,463) (S 271,243,23) (S 270,23,243) (S 23,23,23) (S 1,1,1) (D 0,1,1)
0 1 6 1985 5330 36  (D 0,1,1) (S 116,116,116) (S 124,124,124) (S 450,346,347) (S 451,347,346) (S 479,364,183) (S 478,183,364) (S 613,364,190) (S 225,190,217) (S 224,217,190) (S 612,190,364) (S 491,184,364) (S 490,364,184) (S 184,184,184) (S 132,132,132) (S 183,183,183) (S 429,183,285) (S 553,255,367) (S 552,367,255) (S 436,255,285) (S 428,285,183) (S 517,378,297) (S 371,297,55) (S 438,55,184) (S 583,412,298) (S 359,298,297) (S 358,297,298) (S 506,298,319) (S 507,319,298) (S 582,298,412) (S 394,184,319) (S 395,319,184) (S 443,340,319) (S 442,319,340) (S 79,79,79) (D 0,1,1)
0 1 7 1521 4323 42  (D 0,1,1) (S 173,173,173) (S 631,318,238) (S 393,318,317) (S 392,317,318) (S 99,99,99) (S 69,69,69) (S 78,78,78) (S 259,238,28) (S 340,287,288) (S 568,288,331) (S 416,331,78) (S 423,78,335) (S 422,335,78) (S 417,78,331) (S 477,331,363) (S 476,363,331) (S 569,331,288) (S 341,288,287) (S 632,110,195) (S 195,195,195) (S 633,195,110) (S 551,398,110) (S 550,110,398) (S 349,293,24) (S 348,24,293) (S 24,24,24) (S 528,384,44) (S 44,44,44) (S 504,44,372) (S 505,372,44) (S 529,44,384) (S 559,401,89) (S 558,89,401) (S 222,215,216) (S 223,216,215) (S 689,215,123) (S 688,123,215) (S 686,159,110) (S 110,110,110) (S 89,89,89) (D 0,1,1)
