387
6
7005600
8567600
0 1 1 23 0 3  (D 0,1,1) (S 1,2,2) (D 0,1,1)
0 1 2 27 73 7  (D 0,1,1) (S 2,3,3) (S 21,3,9) (S 12,9,10) (S 9,10,10) (S 28,4,9) (D 0,1,1)
0 1 3 27 63 6  (D 0,1,1) (S 38,8,9) (S 8,9,9) (S 22,7,9) (S 19,4,6) (D 0,1,1)
0 1 4 27 77 8  (D 0,1,1) (S 15,2,6) (S 18,6,7) (S 41,7,8) (S 5,6,6) (S 37,6,11) (S 17,7,10) (D 0,1,1)
0 1 5 27 70 7  (D 0,1,1) (S 35,2,4) (S 23,4,7) (S 33,7,11) (S 36,1,5) (S 11,5,8) (D 0,1,1)
0 1 6 27 104 9  (D 0,1,1) (S 26,6,10) (S 14,1,3) (S 16,3,4) (S 32,5,9) (S 20,9,11) (S 24,3,7) (S 30,5,10) (D 0,1,1)
