517
6
5607200
8282800
0 1 1 27 69 5  (D 0,1,1) (S 30,13,15) (S 8,15,15) (S 9,17,17) (D 0,1,1)
0 1 2 27 71 7  (D 0,1,1) (S 3,5,5) (S 36,5,6) (S 33,7,11) (S 6,10,10) (S 47,3,6) (D 0,1,1)
0 1 3 26 58 6  (D 0,1,1) (S 35,3,4) (S 2,4,4) (S 38,4,6) (S 40,4,10) (D 0,1,1)
0 1 4 27 107 8  (D 0,1,1) (S 32,2,12) (S 7,14,14) (S 31,14,20) (S 20,20,15) (S 19,15,20) (S 21,13,14) (D 0,1,1)
0 1 5 27 119 8  (D 0,1,1) (S 39,16,17) (S 41,20,21) (S 17,21,23) (S 37,23,24) (S 14,23,23) (S 45,25,26) (D 0,1,1)
0 1 6 27 93 9  (D 0,1,1) (S 16,27,27) (S 24,27,26) (S 18,23,21) (S 12,21,21) (S 22,14,13) (S 28,13,12) (S 27,12,13) (D 0,1,1)
