1333
9
299721500
365047800
0 1 1 70 139 10  (D 0,1,1) (S 3,10,10) (S 84,10,11) (S 67,11,18) (S 68,18,11) (S 94,18,19) (S 18,39,39) (S 6,15,15) (S 146,7,12) (D 0,1,1)
0 1 2 70 159 15  (D 0,1,1) (S 8,21,21) (S 80,26,21) (S 79,21,26) (S 12,26,26) (S 127,25,26) (S 103,25,33) (S 17,33,33) (S 57,34,42) (S 58,42,34) (S 112,34,35) (S 44,36,35) (S 43,35,36) (S 98,20,25) (D 0,1,1)
0 1 3 64 139 15  (D 0,1,1) (S 5,13,13) (S 45,13,21) (S 74,21,20) (S 73,20,21) (S 46,21,13) (S 104,8,13) (S 114,13,8) (S 140,8,9) (S 145,9,13) (S 99,13,9) (S 122,9,1) (S 89,1,9) (S 2,9,9) (D 0,1,1)
0 1 4 68 172 15  (D 0,1,1) (S 21,46,46) (S 61,45,50) (S 97,49,45) (S 115,48,43) (S 121,43,48) (S 120,48,49) (S 119,49,48) (S 23,49,49) (S 20,45,45) (S 144,45,44) (S 143,37,29) (S 116,29,37) (S 15,29,29) (D 0,1,1)
0 1 5 70 150 15  (D 0,1,1) (S 49,29,30) (S 59,38,46) (S 66,50,46) (S 65,46,50) (S 62,50,45) (S 118,45,49) (S 24,50,50) (S 60,46,38) (S 136,38,37) (S 124,37,38) (S 50,30,29) (S 76,29,28) (S 128,28,27) (D 0,1,1)
0 1 6 69 162 15  (D 0,1,1) (S 134,16,15) (S 100,23,29) (S 22,47,47) (S 148,47,39) (S 131,39,30) (S 126,30,17) (S 123,31,39) (S 92,39,31) (S 51,32,40) (S 52,40,32) (S 101,32,31) (S 26,31,17) (S 147,24,23) (D 0,1,1)
0 1 7 70 131 16  (D 0,1,1) (S 7,17,17) (S 29,17,24) (S 95,24,29) (S 16,30,30) (S 85,30,24) (S 34,24,15) (S 82,15,23) (S 10,23,23) (S 70,23,14) (S 69,14,23) (S 42,23,22) (S 41,22,23) (S 135,23,24) (S 11,24,24) (D 0,1,1)
0 1 8 70 146 16  (D 0,1,1) (S 14,28,28) (S 125,28,22) (S 102,22,14) (S 107,14,22) (S 9,22,22) (S 13,27,27) (S 117,27,28) (S 75,28,29) (S 139,29,23) (S 130,23,15) (S 33,15,24) (S 30,24,17) (S 133,17,10) (S 83,2,3) (D 0,1,1)
0 1 9 68 135 16  (D 0,1,1) (S 54,5,2) (S 37,3,6) (S 91,12,7) (S 72,7,4) (S 149,4,3) (S 142,3,2) (S 53,2,5) (S 81,1,16) (S 93,16,1) (S 132,1,5) (S 109,5,1) (S 55,5,10) (S 56,10,5) (S 90,5,6) (D 0,1,1)
