861
9
10195900
16046700
0 1 1 7 0 3  (D 0,1,1) (S 1,2,2) (D 0,1,1)
0 1 2 40 97 5  (D 0,1,1) (S 22,9,10) (S 23,5,10) (S 5,10,10) (D 0,1,1)
0 1 3 35 94 5  (D 0,1,1) (S 10,17,17) (S 6,12,12) (S 25,12,11) (D 0,1,1)
0 1 4 40 97 6  (D 0,1,1) (S 24,1,3) (S 12,19,19) (S 17,19,22) (S 14,22,22) (D 0,1,1)
0 1 5 37 96 7  (D 0,1,1) (S 2,3,3) (S 37,9,19) (S 27,9,3) (S 18,3,4) (S 20,4,5) (D 0,1,1)
0 1 6 37 100 7  (D 0,1,1) (S 19,11,15) (S 9,16,16) (S 38,17,13) (S 8,15,15) (S 34,11,5) (D 0,1,1)
0 1 7 37 108 7  (D 0,1,1) (S 21,1,2) (S 26,5,11) (S 28,11,10) (S 13,20,20) (S 36,21,15) (D 0,1,1)
0 1 8 40 137 8  (D 0,1,1) (S 39,20,23) (S 30,23,20) (S 15,23,23) (S 33,23,24) (S 16,24,24) (S 32,21,24) (D 0,1,1)
0 1 9 37 132 10  (D 0,1,1) (S 3,6,6) (S 4,8,8) (S 40,7,8) (S 31,14,18) (S 11,18,18) (S 7,14,14) (S 29,13,17) (S 35,16,15) (D 0,1,1)
