1539
6
441835300
513629600
0 1 1 148 247 18  (D 0,1,1) (S 4,7,7) (S 50,15,23) (S 59,37,32) (S 75,32,24) (S 74,24,32) (S 58,32,37) (S 33,43,43) (S 81,43,37) (S 89,37,31) (S 24,31,31) (S 73,31,27) (S 22,27,27) (S 28,36,36) (S 120,36,27) (S 72,27,31) (S 88,31,37) (D 0,1,1)
0 1 2 149 264 22  (D 0,1,1) (S 62,11,19) (S 63,19,11) (S 124,5,6) (S 91,1,5) (S 125,5,18) (S 127,18,19) (S 112,19,20) (S 15,20,20) (S 123,21,22) (S 17,22,22) (S 16,21,21) (S 77,21,27) (S 39,34,26) (S 116,40,34) (S 31,40,40) (S 25,33,33) (S 128,33,34) (S 79,34,33) (S 26,34,34) (S 14,19,19) (D 0,1,1)
0 1 3 141 248 23  (D 0,1,1) (S 12,15,15) (S 51,23,15) (S 114,16,15) (S 117,15,9) (S 6,9,9) (S 57,9,3) (S 102,3,4) (S 105,4,10) (S 7,10,10) (S 61,17,10) (S 60,10,17) (S 82,17,25) (S 87,25,24) (S 19,24,24) (S 20,25,25) (S 122,16,24) (S 64,16,17) (S 65,17,16) (S 130,16,9) (S 96,9,8) (S 5,8,8) (D 0,1,1)
0 1 4 120 218 25  (D 0,1,1) (S 1,2,2) (S 115,2,1) (S 54,1,6) (S 80,6,7) (S 90,7,2) (S 93,2,7) (S 56,3,9) (S 97,8,14) (S 99,14,13) (S 86,13,6) (S 55,6,1) (S 2,5,5) (S 100,5,1) (S 84,1,2) (S 129,13,14) (S 11,14,14) (S 101,14,15) (S 3,6,6) (S 71,12,11) (S 70,11,12) (S 119,12,13) (S 10,13,13) (S 9,12,12) (D 0,1,1)
0 1 5 146 292 27  (D 0,1,1) (S 8,11,11) (S 13,18,18) (S 85,30,34) (S 23,29,29) (S 40,29,39) (S 41,39,29) (S 106,18,26) (S 126,34,40) (S 21,26,26) (S 83,26,19) (S 38,26,34) (S 98,33,40) (S 48,40,41) (S 32,41,41) (S 49,41,40) (S 53,33,29) (S 111,18,29) (S 52,29,33) (S 103,46,47) (S 107,47,48) (S 36,48,48) (S 37,49,49) (S 121,49,41) (S 108,48,47) (S 35,47,47) (D 0,1,1)
0 1 6 135 270 27  (D 0,1,1) (S 18,23,23) (S 76,23,24) (S 43,32,28) (S 42,28,32) (S 30,38,38) (S 118,38,32) (S 92,28,38) (S 47,50,43) (S 109,45,50) (S 78,50,45) (S 67,45,43) (S 66,43,45) (S 46,43,50) (S 94,50,44) (S 104,44,42) (S 113,42,44) (S 27,35,35) (S 69,35,34) (S 68,34,35) (S 44,35,36) (S 45,36,35) (S 110,42,41) (S 95,41,42) (S 34,44,44) (S 29,37,37) (D 0,1,1)
