59127
6
1163398000
20671355800
0 1 1 3528 6412 40  (D 0,1,1) (S 231,210,211) (S 272,179,240) (S 271,240,179) (S 281,245,246) (S 282,246,245) (S 53,53,53) (S 85,85,85) (S 101,101,101) (S 64,64,64) (S 34,34,34) (S 28,28,28) (S 2,2,2) (S 15,15,15) (S 22,22,22) (S 54,54,54) (S 65,65,65) (S 336,49,284) (S 335,284,49) (S 201,42,187) (S 202,187,42) (S 258,232,231) (S 257,231,232) (S 56,56,56) (S 14,14,14) (S 142,138,137) (S 285,249,137) (S 286,137,249) (S 293,255,256) (S 294,256,255) (S 348,255,270) (S 314,270,269) (S 313,269,270) (S 347,270,255) (S 184,173,172) (S 183,172,173) (S 4,4,4) (S 204,189,188) (S 69,69,69) (D 0,1,1)
0 1 2 3822 8288 59  (D 0,1,1) (S 277,1,210) (S 232,211,210) (S 278,210,1) (S 324,275,74) (S 323,74,275) (S 74,74,74) (S 87,87,87) (S 66,66,66) (S 124,124,123) (S 130,123,10) (S 179,169,170) (S 353,294,295) (S 123,123,124) (S 129,10,123) (S 180,170,169) (S 354,295,294) (S 23,23,23) (S 40,40,40) (S 10,10,10) (S 98,98,98) (S 276,244,243) (S 275,243,244) (S 131,128,129) (S 132,129,128) (S 140,136,129) (S 139,129,136) (S 31,31,31) (S 217,199,200) (S 218,200,199) (S 356,297,296) (S 355,296,297) (S 171,161,162) (S 172,162,161) (S 302,229,162) (S 301,162,229) (S 256,230,229) (S 255,229,230) (S 228,207,61) (S 227,61,207) (S 61,61,61) (S 30,30,30) (S 55,55,55) (S 252,226,225) (S 251,225,226) (S 274,242,241) (S 273,241,242) (S 307,242,204) (S 308,204,242) (S 331,203,281) (S 332,281,203) (S 221,203,204) (S 222,204,203) (S 94,94,94) (S 83,83,83) (S 24,24,24) (S 76,76,76) (S 95,95,95) (D 0,1,1)
0 1 3 3989 11671 60  (D 0,1,1) (S 128,9,127) (S 144,140,139) (S 220,202,201) (S 219,201,202) (S 182,108,171) (S 181,171,108) (S 213,108,197) (S 214,197,108) (S 280,197,205) (S 279,205,197) (S 233,212,201) (S 224,205,171) (S 223,171,205) (S 108,108,108) (S 190,178,35) (S 226,35,206) (S 225,206,35) (S 189,35,178) (S 212,196,195) (S 211,195,196) (S 208,193,192) (S 207,192,193) (S 63,63,63) (S 58,58,58) (S 73,73,73) (S 82,82,82) (S 7,7,7) (S 300,261,260) (S 299,260,261) (S 360,299,106) (S 359,106,299) (S 106,106,106) (S 107,107,107) (S 176,166,165) (S 358,165,298) (S 357,298,165) (S 175,165,166) (S 312,268,267) (S 311,267,268) (S 19,19,19) (S 11,11,11) (S 5,5,5) (S 112,112,112) (S 81,81,81) (S 90,90,90) (S 51,51,51) (S 80,80,80) (S 16,16,16) (S 62,62,62) (S 118,118,118) (S 79,79,79) (S 96,96,96) (S 89,89,89) (S 38,38,38) (S 46,46,46) (S 93,93,93) (S 35,35,35) (S 84,84,84) (D 0,1,1)
0 1 4 3661 8530 61  (D 0,1,1) (S 141,137,138) (S 203,188,189) (S 236,214,213) (S 235,213,214) (S 127,127,9) (S 143,139,140) (S 200,186,185) (S 199,185,186) (S 178,168,167) (S 177,167,168) (S 86,86,86) (S 264,45,234) (S 263,234,45) (S 45,45,45) (S 50,50,50) (S 9,9,9) (S 137,134,135) (S 230,209,208) (S 229,208,209) (S 154,148,147) (S 153,147,148) (S 206,191,190) (S 205,190,191) (S 111,111,111) (S 290,252,251) (S 289,251,252) (S 136,133,132) (S 288,150,250) (S 287,250,150) (S 156,150,149) (S 166,149,157) (S 165,157,149) (S 155,149,150) (S 135,132,133) (S 152,146,133) (S 151,133,146) (S 39,39,39) (S 265,235,236) (S 266,236,235) (S 322,274,235) (S 321,235,274) (S 149,144,145) (S 150,145,144) (S 210,194,145) (S 209,145,194) (S 284,248,247) (S 283,247,248) (S 67,67,67) (S 120,120,120) (S 104,104,104) (S 138,135,134) (S 234,201,212) (S 71,71,71) (S 88,88,88) (S 100,100,100) (S 18,18,18) (S 26,26,26) (S 25,25,25) (S 33,33,33) (D 0,1,1)
0 1 5 3919 13184 73  (D 0,1,1) (S 49,49,49) (S 42,42,42) (S 191,179,180) (S 239,198,176) (S 310,266,265) (S 309,265,266) (S 70,70,70) (S 37,37,37) (S 27,27,27) (S 187,176,177) (S 145,141,142) (S 339,152,285) (S 158,152,151) (S 157,151,152) (S 349,291,292) (S 350,292,291) (S 57,57,57) (S 17,17,17) (S 75,75,75) (S 77,77,77) (S 159,142,152) (S 160,152,142) (S 196,142,183) (S 195,183,142) (S 340,285,152) (S 198,152,184) (S 168,159,158) (S 167,158,159) (S 197,184,152) (S 170,8,160) (S 169,160,8) (S 327,278,224) (S 249,224,113) (S 250,113,224) (S 328,224,278) (S 242,217,216) (S 241,216,217) (S 343,217,288) (S 344,288,217) (S 248,223,222) (S 247,222,223) (S 296,258,257) (S 295,257,258) (S 52,52,52) (S 92,92,92) (S 113,113,113) (S 270,239,238) (S 269,238,239) (S 268,237,32) (S 32,32,32) (S 267,32,237) (S 186,175,174) (S 174,164,163) (S 173,163,164) (S 185,174,175) (S 338,175,237) (S 337,237,175) (S 8,8,8) (S 146,142,141) (S 318,141,219) (S 317,219,141) (S 188,177,176) (S 240,176,198) (S 334,283,282) (S 333,282,283) (S 237,215,125) (S 125,125,126) (S 126,126,125) (S 238,125,215) (S 13,13,13) (S 21,21,21) (D 0,1,1)
0 1 6 3946 11042 79  (D 0,1,1) (S 1,1,1) (S 329,279,280) (S 330,280,279) (S 346,290,289) (S 345,289,290) (S 292,254,253) (S 291,253,254) (S 352,293,120) (S 351,120,293) (S 304,263,262) (S 303,262,263) (S 29,29,29) (S 326,277,276) (S 325,276,277) (S 109,109,109) (S 121,121,122) (S 122,122,121) (S 148,121,143) (S 147,143,121) (S 254,228,227) (S 253,227,228) (S 194,182,181) (S 193,181,182) (S 20,20,20) (S 134,131,130) (S 133,130,131) (S 12,12,12) (S 342,287,286) (S 341,286,287) (S 59,59,59) (S 320,273,272) (S 319,272,273) (S 102,102,102) (S 103,103,103) (S 97,97,97) (S 99,99,99) (S 91,91,91) (S 72,72,72) (S 43,43,43) (S 110,110,110) (S 298,78,259) (S 297,259,78) (S 78,78,78) (S 6,6,6) (S 105,105,105) (S 192,180,179) (S 305,180,264) (S 306,264,180) (S 216,198,180) (S 215,180,198) (S 44,44,44) (S 244,219,218) (S 243,218,219) (S 316,219,271) (S 315,271,219) (S 246,221,220) (S 245,220,221) (S 117,117,117) (S 3,3,3) (S 116,116,116) (S 48,48,48) (S 47,47,47) (S 36,36,36) (S 161,153,154) (S 164,156,155) (S 163,155,156) (S 259,156,154) (S 162,154,153) (S 260,154,156) (S 115,115,115) (S 262,233,68) (S 261,68,233) (S 119,119,119) (S 114,114,114) (S 68,68,68) (S 41,41,41) (S 60,60,60) (D 0,1,1)
