1137
7
127544000
161845800
0 1 1 70 103 10  (D 0,1,1) (S 7,15,15) (S 42,16,11) (S 58,11,5) (S 40,5,4) (S 2,4,4) (S 67,4,10) (S 46,10,9) (S 50,9,8) (D 0,1,1)
0 1 2 64 127 11  (D 0,1,1) (S 6,14,14) (S 94,13,23) (S 76,23,29) (S 63,29,23) (S 80,23,13) (S 100,13,7) (S 87,1,2) (S 49,8,9) (S 31,3,9) (D 0,1,1)
0 1 3 75 162 12  (D 0,1,1) (S 33,17,18) (S 34,18,17) (S 68,18,22) (S 108,22,28) (S 98,28,22) (S 72,28,27) (S 99,27,21) (S 38,22,21) (S 37,21,22) (S 32,9,3) (D 0,1,1)
0 1 4 74 153 13  (D 0,1,1) (S 23,9,14) (S 70,13,14) (S 105,24,14) (S 24,14,9) (S 59,8,7) (S 52,7,1) (S 69,1,7) (S 54,7,8) (S 66,2,8) (S 74,8,2) (S 103,3,2) (D 0,1,1)
0 1 5 75 150 15  (D 0,1,1) (S 45,9,10) (S 8,16,16) (S 27,20,21) (S 28,21,20) (S 97,20,17) (S 44,17,11) (S 43,11,17) (S 11,20,20) (S 10,19,19) (S 5,12,12) (S 4,11,11) (S 64,19,20) (S 3,10,10) (D 0,1,1)
0 1 6 75 269 15  (D 0,1,1) (S 20,35,35) (S 90,35,36) (S 56,36,35) (S 73,38,34) (S 81,34,29) (S 83,29,34) (S 19,34,34) (S 18,30,30) (S 57,30,29) (S 17,29,29) (S 12,23,23) (S 1,2,2) (S 55,39,40) (D 0,1,1)
0 1 7 75 173 15  (D 0,1,1) (S 89,25,26) (S 86,26,32) (S 29,36,40) (S 77,40,41) (S 85,41,37) (S 82,37,41) (S 60,41,40) (S 30,40,36) (S 65,37,33) (S 53,33,27) (S 16,27,27) (S 78,27,20) (S 9,17,17) (D 0,1,1)
