1034
7
170944900
200774000
0 1 1 75 181 12  (D 0,1,1) (S 7,9,9) (S 44,9,8) (S 11,15,15) (S 76,15,10) (S 9,11,11) (S 41,11,16) (S 62,16,19) (S 25,32,32) (S 29,38,38) (S 28,37,37) (D 0,1,1)
0 1 2 64 154 11  (D 0,1,1) (S 8,10,10) (S 46,10,9) (S 45,9,10) (S 19,25,25) (S 24,31,31) (S 72,35,39) (S 61,39,35) (S 89,34,35) (S 65,35,34) (D 0,1,1)
0 1 3 74 134 11  (D 0,1,1) (S 14,18,18) (S 34,22,21) (S 52,21,20) (S 51,20,21) (S 16,20,20) (S 13,17,17) (S 3,4,4) (S 75,4,3) (S 93,3,2) (D 0,1,1)
0 1 4 66 131 12  (D 0,1,1) (S 2,3,3) (S 42,16,11) (S 78,12,11) (S 73,11,12) (S 67,12,6) (S 4,6,6) (S 35,5,6) (S 36,6,5) (S 48,5,4) (S 47,4,5) (D 0,1,1)
0 1 5 75 152 12  (D 0,1,1) (S 22,29,29) (S 17,23,23) (S 79,23,14) (S 66,14,13) (S 88,13,14) (S 92,14,24) (S 38,15,14) (S 37,14,15) (S 53,15,16) (S 39,3,9) (D 0,1,1)
0 1 6 74 164 12  (D 0,1,1) (S 33,21,22) (S 81,22,28) (S 74,28,22) (S 71,28,27) (S 84,27,26) (S 60,26,19) (S 91,19,26) (S 12,16,16) (S 57,16,15) (S 56,10,15) (D 0,1,1)
0 1 7 66 118 12  (D 0,1,1) (S 80,2,8) (S 55,8,7) (S 10,13,13) (S 54,13,7) (S 58,1,7) (S 5,7,7) (S 6,8,8) (S 43,8,9) (S 40,9,3) (S 1,2,2) (D 0,1,1)
