1594
7
299389600
371730600
0 1 1 61 145 11  (D 0,1,1) (S 58,3,9) (S 6,9,9) (S 12,16,16) (S 62,16,17) (S 63,17,16) (S 102,16,9) (S 122,9,16) (S 53,17,10) (S 85,10,4) (D 0,1,1)
0 1 2 106 192 17  (D 0,1,1) (S 7,11,11) (S 114,11,5) (S 2,5,5) (S 126,5,6) (S 121,1,5) (S 110,5,18) (S 13,18,18) (S 88,18,26) (S 101,34,33) (S 23,33,33) (S 119,33,34) (S 78,34,30) (S 24,34,34) (S 17,26,26) (S 99,40,47) (D 0,1,1)
0 1 3 106 186 19  (D 0,1,1) (S 4,7,7) (S 94,7,6) (S 46,20,21) (S 95,21,27) (S 18,27,27) (S 41,30,20) (S 127,20,19) (S 129,19,20) (S 82,21,22) (S 134,22,21) (S 98,21,13) (S 135,13,6) (S 43,6,1) (S 42,1,6) (S 36,6,12) (S 37,12,6) (S 3,6,6) (D 0,1,1)
0 1 4 150 268 22  (D 0,1,1) (S 107,2,7) (S 59,9,3) (S 77,3,4) (S 120,4,10) (S 52,10,17) (S 108,17,25) (S 16,25,25) (S 27,38,38) (S 54,38,45) (S 92,45,50) (S 38,43,50) (S 33,50,50) (S 55,45,38) (S 103,38,32) (S 131,28,38) (S 30,43,43) (S 96,43,37) (S 26,37,37) (S 21,31,31) (S 116,31,37) (D 0,1,1)
0 1 5 149 285 25  (D 0,1,1) (S 1,2,2) (S 111,2,1) (S 112,1,2) (S 125,14,15) (S 11,15,15) (S 104,15,14) (S 14,23,23) (S 66,22,23) (S 49,31,27) (S 76,27,36) (S 91,49,41) (S 113,41,35) (S 70,35,36) (S 71,36,35) (S 84,36,27) (S 128,27,35) (S 79,35,27) (S 48,27,31) (S 130,31,32) (S 15,24,24) (S 86,24,25) (S 44,24,32) (S 57,32,28) (D 0,1,1)
0 1 6 132 237 25  (D 0,1,1) (S 9,13,13) (S 117,13,12) (S 74,11,12) (S 75,12,11) (S 106,19,26) (S 65,29,26) (S 64,26,29) (S 19,29,29) (S 69,39,29) (S 68,29,39) (S 72,33,39) (S 73,39,33) (S 81,46,47) (S 123,47,40) (S 29,41,41) (S 28,40,40) (S 31,47,47) (S 20,30,30) (S 10,14,14) (S 109,15,9) (S 97,9,8) (S 5,8,8) (S 124,8,9) (D 0,1,1)
0 1 7 150 281 30  (D 0,1,1) (S 40,20,30) (S 105,40,34) (S 51,35,34) (S 50,34,35) (S 25,36,36) (S 61,42,36) (S 89,42,44) (S 60,36,42) (S 83,44,42) (S 80,42,41) (S 35,48,41) (S 34,41,48) (S 32,48,48) (S 132,49,44) (S 133,44,49) (S 100,49,50) (S 39,50,43) (S 118,43,38) (S 87,38,28) (S 56,28,32) (S 22,32,32) (S 45,32,24) (S 90,24,23) (S 67,23,22) (S 47,21,20) (S 115,20,12) (S 8,12,12) (S 93,7,2) (D 0,1,1)
