473
7
7690600
12449200
0 1 1 9 0 3  (D 0,1,1) (S 1,2,2) (D 0,1,1)
0 1 2 27 99 7  (D 0,1,1) (S 10,14,14) (S 41,14,18) (S 14,21,21) (S 8,10,10) (S 40,16,17) (D 0,1,1)
0 1 3 27 91 7  (D 0,1,1) (S 2,3,3) (S 42,3,6) (S 36,6,9) (S 16,12,13) (S 22,25,26) (D 0,1,1)
0 1 4 27 74 6  (D 0,1,1) (S 17,18,21) (S 27,21,23) (S 37,23,24) (S 35,8,24) (D 0,1,1)
0 1 5 27 59 6  (D 0,1,1) (S 18,4,5) (S 4,5,5) (S 6,7,7) (S 32,2,1) (D 0,1,1)
0 1 6 26 75 7  (D 0,1,1) (S 29,1,24) (S 31,24,27) (S 44,26,27) (S 24,8,9) (S 28,5,9) (D 0,1,1)
0 1 7 26 75 8  (D 0,1,1) (S 39,1,19) (S 21,1,15) (S 34,13,14) (S 20,14,20) (S 12,18,18) (S 9,12,12) (D 0,1,1)
