1200
7
162764800
197729900
0 1 1 75 230 12  (D 0,1,1) (S 15,18,18) (S 46,18,17) (S 45,17,18) (S 32,17,16) (S 88,20,19) (S 61,19,16) (S 103,11,12) (S 31,16,17) (S 13,15,15) (S 107,38,39) (D 0,1,1)
0 1 2 73 116 12  (D 0,1,1) (S 12,14,14) (S 33,24,25) (S 34,25,24) (S 77,24,23) (S 19,23,23) (S 66,23,13) (S 11,13,13) (S 71,13,7) (S 85,7,8) (S 7,8,8) (D 0,1,1)
0 1 3 75 171 12  (D 0,1,1) (S 43,25,31) (S 70,31,32) (S 68,32,26) (S 63,26,32) (S 42,32,27) (S 76,27,26) (S 97,26,25) (S 44,31,25) (S 104,25,26) (S 67,16,15) (D 0,1,1)
0 1 4 64 125 12  (D 0,1,1) (S 60,2,8) (S 94,8,2) (S 83,3,4) (S 3,4,4) (S 108,4,3) (S 95,8,7) (S 6,7,7) (S 65,1,7) (S 64,1,2) (S 48,9,3) (D 0,1,1)
0 1 5 74 148 13  (D 0,1,1) (S 53,11,17) (S 35,20,21) (S 36,21,20) (S 89,20,27) (S 22,27,27) (S 17,21,21) (S 18,22,22) (S 62,28,22) (S 79,28,27) (S 106,27,21) (S 1,2,2) (D 0,1,1)
0 1 6 74 218 15  (D 0,1,1) (S 41,27,32) (S 28,36,36) (S 75,36,35) (S 93,35,39) (S 87,39,36) (S 91,36,32) (S 84,32,36) (S 72,37,41) (S 30,41,41) (S 102,37,36) (S 101,40,41) (S 21,26,26) (S 2,3,3) (D 0,1,1)
0 1 7 75 192 17  (D 0,1,1) (S 57,14,13) (S 23,30,30) (S 105,29,23) (S 100,29,34) (S 69,34,35) (S 78,35,34) (S 26,34,34) (S 27,35,35) (S 37,36,40) (S 58,40,39) (S 29,39,39) (S 59,39,40) (S 38,40,36) (S 90,37,33) (S 25,33,33) (D 0,1,1)
