1403
6
109246400
154077700
0 1 1 77 179 12  (D 0,1,1) (S 2,3,3) (S 37,3,10) (S 43,9,10) (S 68,16,17) (S 12,17,17) (S 31,10,11) (S 69,11,5) (S 32,11,10) (S 94,16,23) (S 90,23,28) (D 0,1,1)
0 1 2 130 233 16  (D 0,1,1) (S 3,4,4) (S 51,4,5) (S 75,5,11) (S 63,11,24) (S 35,24,34) (S 82,34,33) (S 42,34,28) (S 41,28,34) (S 36,34,24) (S 79,24,17) (S 55,17,11) (S 70,11,4) (S 57,4,3) (S 7,10,10) (D 0,1,1)
0 1 3 129 278 18  (D 0,1,1) (S 49,13,19) (S 13,18,18) (S 50,12,6) (S 33,6,18) (S 74,18,19) (S 66,19,18) (S 34,18,6) (S 88,6,12) (S 40,19,12) (S 39,12,19) (S 20,25,25) (S 54,25,30) (S 24,31,31) (S 86,31,26) (S 71,27,32) (S 25,32,32) (D 0,1,1)
0 1 4 123 261 19  (D 0,1,1) (S 80,13,2) (S 85,13,12) (S 8,12,12) (S 14,19,19) (S 65,19,25) (S 23,30,30) (S 22,29,29) (S 47,31,30) (S 78,30,25) (S 64,25,26) (S 58,27,28) (S 67,28,22) (S 77,22,15) (S 87,15,21) (S 59,21,22) (S 17,22,22) (S 18,23,23) (D 0,1,1)
0 1 5 129 226 20  (D 0,1,1) (S 11,16,16) (S 44,10,9) (S 89,9,15) (S 10,15,15) (S 46,14,8) (S 27,20,26) (S 21,26,26) (S 28,26,20) (S 92,20,21) (S 16,21,21) (S 83,21,15) (S 76,15,22) (S 72,22,28) (S 29,28,33) (S 26,33,33) (S 30,33,28) (S 48,28,23) (S 19,24,24) (D 0,1,1)
0 1 6 125 226 21  (D 0,1,1) (S 73,2,13) (S 81,13,7) (S 5,7,7) (S 4,6,6) (S 62,6,1) (S 60,1,2) (S 93,14,20) (S 15,20,20) (S 61,20,14) (S 91,14,15) (S 38,10,3) (S 53,3,9) (S 52,9,3) (S 56,3,2) (S 84,2,8) (S 6,8,8) (S 45,8,14) (S 9,13,13) (S 1,2,2) (D 0,1,1)
