6597
6
40945300
349940200
0 1 1 202 1127 8  (D 0,1,1) (S 67,69,4) (S 22,3,2) (S 21,2,1) (S 12,3,3) (S 9,5,5) (S 7,73,73) (D 0,1,1)
0 1 2 302 1187 9  (D 0,1,1) (S 41,35,32) (S 40,34,32) (S 38,32,31) (S 37,31,23) (S 8,26,26) (S 2,27,27) (S 20,21,21) (D 0,1,1)
0 1 3 299 1120 10  (D 0,1,1) (S 43,44,43) (S 42,41,35) (S 39,33,32) (S 3,36,36) (S 15,41,41) (S 53,56,55) (S 16,67,67) (S 18,60,60) (D 0,1,1)
0 1 4 267 1058 10  (D 0,1,1) (S 56,59,58) (S 57,59,11) (S 33,20,19) (S 32,19,18) (S 31,18,15) (S 30,17,15) (S 29,14,13) (S 14,13,13) (D 0,1,1)
0 1 5 299 1278 11  (D 0,1,1) (S 59,61,60) (S 62,65,63) (S 61,63,62) (S 64,68,66) (S 63,66,62) (S 60,62,60) (S 58,60,58) (S 55,58,57) (S 54,57,42) (D 0,1,1)
0 1 6 213 827 17  (D 0,1,1) (S 65,69,58) (S 71,59,44) (S 47,48,47) (S 46,47,46) (S 70,51,21) (S 10,51,51) (S 50,51,49) (S 51,52,50) (S 19,52,52) (S 52,54,52) (S 49,50,49) (S 48,49,47) (S 45,46,44) (S 44,45,44) (S 66,69,59) (D 0,1,1)
