19915
9
23937500
38289800
0 1 1 1275 1802 6  (D 0,1,1) (S 22,17,22) (S 47,34,33) (S 46,33,32) (S 45,32,24) (D 0,1,1)
0 1 2 992 1539 6  (D 0,1,1) (S 34,25,20) (S 28,20,21) (S 40,27,31) (S 36,25,33) (D 0,1,1)
0 1 3 1408 2280 8  (D 0,1,1) (S 33,24,25) (S 49,35,27) (S 51,36,31) (S 44,31,28) (S 41,28,29) (S 17,14,24) (D 0,1,1)
0 1 4 1443 2185 8  (D 0,1,1) (S 35,25,21) (S 29,21,17) (S 24,18,19) (S 27,19,30) (S 42,29,23) (S 31,22,17) (D 0,1,1)
0 1 5 1665 2742 8  (D 0,1,1) (S 18,16,8) (S 9,8,7) (S 16,13,15) (S 37,26,25) (S 48,34,35) (S 53,38,30) (D 0,1,1)
0 1 6 1304 2021 9  (D 0,1,1) (S 21,17,18) (S 26,19,10) (S 12,10,9) (S 7,7,6) (S 6,6,12) (S 15,12,13) (S 1,24,24) (D 0,1,1)
0 1 7 1500 2242 8  (D 0,1,1) (S 30,21,22) (S 23,18,10) (S 13,10,18) (S 32,23,22) (S 20,17,16) (S 19,16,15) (D 0,1,1)
0 1 8 1416 2341 8  (D 0,1,1) (S 25,18,23) (S 50,35,36) (S 43,31,27) (S 39,27,26) (S 38,26,34) (S 52,36,37) (D 0,1,1)
0 1 9 1555 2763 10  (D 0,1,1) (S 5,6,1) (S 2,2,3) (S 4,5,11) (S 14,11,10) (S 11,10,4) (S 3,4,5) (S 10,9,8) (S 8,7,13) (D 0,1,1)
