625
6
41922500
49556500
0 1 1 45 85 6  (D 0,1,1) (S 40,1,19) (S 38,20,21) (S 14,21,21) (S 9,15,15) (D 0,1,1)
0 1 2 45 140 8  (D 0,1,1) (S 17,23,21) (S 37,24,21) (S 16,21,23) (S 29,23,22) (S 15,23,23) (S 52,13,17) (D 0,1,1)
0 1 3 44 102 8  (D 0,1,1) (S 25,5,1) (S 33,20,1) (S 53,19,9) (S 42,9,19) (S 2,3,3) (S 39,5,4) (D 0,1,1)
0 1 4 44 81 7  (D 0,1,1) (S 47,5,6) (S 22,6,11) (S 56,11,1) (S 44,1,9) (S 1,2,2) (D 0,1,1)
0 1 5 45 89 8  (D 0,1,1) (S 3,6,6) (S 55,17,18) (S 11,17,17) (S 51,17,16) (S 10,16,16) (S 36,2,10) (D 0,1,1)
0 1 6 45 128 9  (D 0,1,1) (S 26,5,11) (S 5,8,8) (S 8,14,14) (S 12,18,18) (S 19,5,2) (S 50,10,2) (S 45,16,17) (D 0,1,1)
