24930
7
373796300
1580554000
0 1 1 1873 4020 11  (D 0,1,1) (S 29,53,53) (S 112,93,82) (S 107,82,69) (S 106,81,80) (S 127,126,137) (S 141,147,146) (S 133,138,128) (S 119,108,95) (S 126,125,124) (D 0,1,1)
0 1 2 1849 3373 10  (D 0,1,1) (S 16,32,32) (S 10,20,20) (S 87,20,11) (S 83,12,21) (S 21,43,43) (S 36,68,68) (S 28,51,51) (S 111,91,79) (D 0,1,1)
0 1 3 1855 3831 10  (D 0,1,1) (S 45,85,85) (S 130,131,132) (S 70,133,133) (S 131,133,143) (S 137,142,132) (S 69,132,132) (S 13,28,28) (S 121,110,111) (D 0,1,1)
0 1 4 1871 3375 10  (D 0,1,1) (S 3,5,5) (S 22,44,44) (S 24,46,46) (S 81,59,72) (S 46,87,87) (S 103,73,60) (S 99,65,52) (S 105,77,76) (D 0,1,1)
0 1 5 1858 3587 11  (D 0,1,1) (S 31,58,58) (S 44,84,84) (S 61,120,120) (S 134,140,118) (S 135,140,141) (S 75,142,142) (S 64,123,123) (S 63,122,122) (S 96,61,62) (D 0,1,1)
0 1 6 1870 3195 10  (D 0,1,1) (S 54,103,103) (S 67,127,127) (S 72,137,137) (S 140,145,144) (S 77,144,144) (S 139,144,134) (S 71,135,135) (S 52,100,100) (D 0,1,1)
0 1 7 1867 3549 11  (D 0,1,1) (S 80,3,4) (S 26,48,48) (S 25,47,47) (S 95,60,61) (S 98,64,77) (S 51,99,99) (S 115,99,98) (S 50,98,98) (S 6,12,12) (D 0,1,1)
