1437
6
168027100
201161200
0 1 1 82 172 14  (D 0,1,1) (S 8,10,10) (S 81,15,25) (S 43,25,31) (S 44,31,25) (S 92,31,35) (S 30,35,35) (S 27,31,31) (S 28,32,32) (S 22,26,26) (S 58,26,19) (S 16,19,19) (S 55,3,9) (D 0,1,1)
0 1 2 91 189 14  (D 0,1,1) (S 37,16,17) (S 88,20,17) (S 51,18,22) (S 52,22,18) (S 82,18,17) (S 38,17,16) (S 70,16,11) (S 100,11,10) (S 85,15,10) (S 68,10,4) (S 14,16,16) (S 65,16,19) (D 0,1,1)
0 1 3 139 252 18  (D 0,1,1) (S 13,15,15) (S 48,14,13) (S 47,13,14) (S 101,24,14) (S 84,23,29) (S 20,24,24) (S 76,24,30) (S 54,24,23) (S 77,23,13) (S 11,13,13) (S 12,14,14) (S 72,14,9) (S 90,9,8) (S 46,8,2) (S 98,1,2) (S 1,2,2) (D 0,1,1)
0 1 4 124 245 20  (D 0,1,1) (S 45,2,8) (S 93,7,13) (S 19,23,23) (S 53,23,24) (S 21,25,25) (S 64,25,26) (S 39,26,27) (S 96,27,33) (S 29,33,33) (S 32,37,37) (S 50,37,33) (S 49,33,37) (S 35,40,40) (S 34,39,39) (S 59,39,36) (S 99,36,40) (S 87,40,41) (S 36,41,41) (D 0,1,1)
0 1 5 131 246 23  (D 0,1,1) (S 3,4,4) (S 75,10,11) (S 18,22,22) (S 24,28,28) (S 78,22,21) (S 17,21,21) (S 74,21,20) (S 95,20,27) (S 23,27,27) (S 63,27,20) (S 66,17,20) (S 9,11,11) (S 94,11,12) (S 10,12,12) (S 5,6,6) (S 2,3,3) (S 89,8,9) (S 7,8,8) (S 69,7,1) (S 6,7,7) (S 71,3,2) (D 0,1,1)
0 1 6 165 333 24  (D 0,1,1) (S 4,5,5) (S 79,5,11) (S 15,17,17) (S 40,27,26) (S 83,26,32) (S 42,32,31) (S 41,31,32) (S 31,36,36) (S 73,36,32) (S 62,32,36) (S 61,36,35) (S 67,35,34) (S 60,34,35) (S 57,35,39) (S 97,39,35) (S 91,34,38) (S 33,38,38) (S 80,38,34) (S 86,34,29) (S 26,30,30) (S 25,29,29) (S 56,9,3) (D 0,1,1)
