1391
6
400214000
498047300
0 1 1 140 224 21  (D 0,1,1) (S 37,1,10) (S 122,18,19) (S 15,19,19) (S 128,19,12) (S 81,12,19) (S 74,17,16) (S 13,16,16) (S 73,16,17) (S 45,31,39) (S 43,39,47) (S 44,47,39) (S 102,39,40) (S 42,40,32) (S 41,32,40) (S 25,40,40) (S 115,40,39) (S 46,39,31) (S 98,31,32) (S 22,32,32) (D 0,1,1)
0 1 2 134 204 22  (D 0,1,1) (S 1,2,2) (S 126,3,6) (S 31,6,7) (S 78,7,4) (S 77,4,7) (S 32,7,6) (S 100,6,11) (S 8,11,11) (S 93,18,17) (S 14,17,17) (S 117,30,24) (S 110,24,23) (S 99,23,24) (S 7,10,10) (S 76,12,11) (S 75,11,12) (S 9,12,12) (S 5,7,7) (S 3,4,4) (S 2,3,3) (D 0,1,1)
0 1 3 138 243 24  (D 0,1,1) (S 38,10,1) (S 103,15,23) (S 95,15,24) (S 105,24,29) (S 47,29,30) (S 21,29,29) (S 67,30,38) (S 55,37,44) (S 56,44,37) (S 65,44,45) (S 66,45,44) (S 101,44,43) (S 111,43,35) (S 123,42,43) (S 27,43,43) (S 121,43,42) (S 86,42,34) (S 106,34,42) (S 39,34,35) (S 94,36,35) (S 92,28,29) (S 87,30,39) (D 0,1,1)
0 1 4 140 244 24  (D 0,1,1) (S 53,5,10) (S 54,10,5) (S 107,5,2) (S 89,2,5) (S 4,5,5) (S 112,5,1) (S 36,9,8) (S 104,8,13) (S 84,13,9) (S 129,21,22) (S 57,22,28) (S 96,35,36) (S 23,36,36) (S 116,36,28) (S 119,28,27) (S 12,15,15) (S 125,23,15) (S 35,8,9) (S 88,21,13) (S 10,13,13) (S 90,13,21) (S 17,22,22) (D 0,1,1)
0 1 5 139 248 24  (D 0,1,1) (S 97,28,36) (S 114,36,38) (S 60,38,37) (S 59,37,38) (S 61,38,46) (S 62,46,38) (S 127,46,45) (S 49,45,48) (S 50,48,45) (S 124,50,49) (S 72,49,48) (S 71,48,49) (S 83,49,50) (S 30,50,50) (S 29,49,49) (S 28,45,45) (S 113,45,46) (S 24,38,38) (S 68,38,30) (S 85,30,17) (S 48,30,29) (S 82,23,29) (D 0,1,1)
0 1 6 139 228 26  (D 0,1,1) (S 58,28,22) (S 118,21,26) (S 26,41,41) (S 20,27,27) (S 40,35,34) (S 80,34,33) (S 70,33,25) (S 109,25,20) (S 16,20,20) (S 108,20,25) (S 69,25,33) (S 33,33,41) (S 34,41,33) (S 79,33,34) (S 91,34,26) (S 52,26,25) (S 51,25,26) (S 19,26,26) (S 18,23,23) (S 120,23,14) (S 11,14,14) (S 64,14,9) (S 6,9,9) (S 63,9,14) (D 0,1,1)
