1030
6
213392000
236524000
0 1 1 51 148 9  (D 0,1,1) (S 55,4,11) (S 79,11,17) (S 66,17,11) (S 78,5,4) (S 88,10,11) (S 62,5,11) (S 64,17,24) (D 0,1,1)
0 1 2 75 206 11  (D 0,1,1) (S 37,3,9) (S 8,15,15) (S 96,15,9) (S 31,9,10) (S 36,10,4) (S 80,3,10) (S 30,13,2) (S 89,28,27) (S 86,13,7) (D 0,1,1)
0 1 3 74 175 10  (D 0,1,1) (S 58,12,6) (S 87,6,18) (S 93,18,29) (S 26,30,29) (S 19,29,29) (S 25,29,30) (S 97,30,25) (S 61,25,30) (D 0,1,1)
0 1 4 74 169 11  (D 0,1,1) (S 17,27,27) (S 52,27,26) (S 51,26,27) (S 16,26,26) (S 28,26,25) (S 92,25,29) (S 27,25,26) (S 98,26,20) (S 84,20,26) (D 0,1,1)
0 1 5 75 156 12  (D 0,1,1) (S 10,19,19) (S 24,19,12) (S 23,12,19) (S 33,19,25) (S 34,25,19) (S 91,19,18) (S 75,18,12) (S 53,12,13) (S 54,13,12) (S 4,8,8) (D 0,1,1)
0 1 6 72 176 13  (D 0,1,1) (S 50,2,1) (S 68,1,6) (S 49,1,2) (S 67,1,7) (S 71,7,1) (S 81,6,1) (S 2,6,6) (S 57,6,12) (S 65,12,18) (S 7,13,13) (S 45,14,15) (D 0,1,1)
