663
6
197660200
237177900
0 1 1 41 74 8  (D 0,1,1) (S 38,2,36) (S 67,37,3) (S 2,3,3) (S 3,4,4) (S 21,31,31) (S 26,37,37) (D 0,1,1)
0 1 2 65 143 9  (D 0,1,1) (S 16,26,26) (S 64,26,33) (S 83,34,35) (S 43,35,1) (S 62,1,40) (S 18,28,28) (S 11,16,16) (D 0,1,1)
0 1 3 65 119 10  (D 0,1,1) (S 8,11,11) (S 81,16,15) (S 59,15,16) (S 55,15,14) (S 31,14,8) (S 71,9,8) (S 70,8,40) (S 66,2,6) (D 0,1,1)
0 1 4 65 105 10  (D 0,1,1) (S 40,7,13) (S 13,18,18) (S 53,22,18) (S 86,18,17) (S 41,13,7) (S 60,7,6) (S 5,6,6) (S 80,6,12) (D 0,1,1)
0 1 5 64 104 10  (D 0,1,1) (S 65,2,1) (S 42,1,35) (S 24,35,35) (S 58,1,8) (S 30,8,14) (S 54,14,15) (S 74,15,9) (S 7,9,9) (D 0,1,1)
0 1 6 63 118 14  (D 0,1,1) (S 10,13,13) (S 52,18,22) (S 85,21,22) (S 36,22,25) (S 15,23,23) (S 78,24,21) (S 69,21,24) (S 45,25,24) (S 44,24,25) (S 37,25,22) (S 73,22,21) (S 14,21,21) (D 0,1,1)
