470
9
16162700
17205100
0 1 1 14 36 4  (D 0,1,1) (S 34,2,4) (S 19,4,7) (D 0,1,1)
0 1 2 24 40 5  (D 0,1,1) (S 1,2,2) (S 9,8,9) (S 30,4,11) (D 0,1,1)
0 1 3 26 56 7  (D 0,1,1) (S 3,4,4) (S 33,4,10) (S 17,3,10) (S 2,3,3) (S 27,1,9) (D 0,1,1)
0 1 4 27 54 6  (D 0,1,1) (S 4,5,5) (S 12,5,10) (S 8,10,10) (S 28,3,5) (D 0,1,1)
0 1 5 24 51 7  (D 0,1,1) (S 5,6,6) (S 18,6,7) (S 24,1,8) (S 25,1,5) (S 11,5,8) (D 0,1,1)
0 1 6 22 53 5  (D 0,1,1) (S 16,2,5) (S 35,5,11) (S 6,7,7) (D 0,1,1)
0 1 7 21 59 7  (D 0,1,1) (S 22,7,9) (S 29,4,6) (S 23,6,9) (S 32,1,3) (S 10,1,7) (D 0,1,1)
0 1 8 22 51 5  (D 0,1,1) (S 26,2,3) (S 20,3,9) (S 7,9,9) (D 0,1,1)
0 1 9 25 70 8  (D 0,1,1) (S 13,6,10) (S 21,3,11) (S 14,7,10) (S 15,3,7) (S 36,1,11) (S 31,1,4) (D 0,1,1)
