824
8
54571700
66731000
0 1 1 50 118 8  (D 0,1,1) (S 2,3,3) (S 61,3,2) (S 50,2,1) (S 49,7,6) (S 71,17,11) (S 73,18,19) (D 0,1,1)
0 1 2 50 114 6  (D 0,1,1) (S 38,22,21) (S 37,21,22) (S 40,22,20) (S 39,20,22) (D 0,1,1)
0 1 3 50 102 7  (D 0,1,1) (S 29,4,13) (S 30,13,4) (S 32,12,8) (S 34,8,2) (S 69,1,30) (D 0,1,1)
0 1 4 50 119 9  (D 0,1,1) (S 24,9,8) (S 31,8,12) (S 70,12,11) (S 8,11,11) (S 4,5,5) (S 22,31,31) (S 68,12,18) (D 0,1,1)
0 1 5 50 89 9  (D 0,1,1) (S 17,24,24) (S 16,23,23) (S 35,23,25) (S 18,25,25) (S 36,25,23) (S 58,23,26) (S 25,26,27) (D 0,1,1)
0 1 6 49 84 10  (D 0,1,1) (S 1,2,2) (S 41,1,31) (S 46,31,29) (S 47,6,31) (S 66,28,26) (S 19,26,26) (S 20,27,27) (S 26,27,26) (D 0,1,1)
0 1 7 50 98 10  (D 0,1,1) (S 62,30,29) (S 21,29,29) (S 45,29,31) (S 48,31,6) (S 67,6,11) (S 60,14,10) (S 64,10,5) (S 65,5,6) (D 0,1,1)
0 1 8 44 100 11  (D 0,1,1) (S 44,31,28) (S 43,28,31) (S 53,14,15) (S 11,15,15) (S 51,16,17) (S 12,17,17) (S 42,31,1) (S 54,30,1) (S 57,1,2) (D 0,1,1)
