15241
6
18714000
30496600
0 1 1 324 0 3  (D 0,1,1) (S 1,2,2) (D 0,1,1)
0 1 2 1914 3158 11  (D 0,1,1) (S 3,5,5) (S 57,24,33) (S 67,33,32) (S 20,23,23) (S 52,15,14) (S 12,15,15) (S 66,33,24) (S 69,36,43) (S 56,22,23) (D 0,1,1)
0 1 3 1933 3057 10  (D 0,1,1) (S 4,6,6) (S 48,6,16) (S 7,9,9) (S 54,19,18) (S 60,26,18) (S 6,8,8) (S 49,8,10) (S 21,24,24) (D 0,1,1)
0 1 4 1906 2926 10  (D 0,1,1) (S 18,21,21) (S 33,38,38) (S 27,30,30) (S 65,31,30) (S 42,31,22) (S 41,22,31) (S 28,31,31) (S 55,20,28) (D 0,1,1)
0 1 5 1946 3246 9  (D 0,1,1) (S 47,6,5) (S 68,33,34) (S 32,36,36) (S 75,43,42) (S 73,42,43) (S 31,35,35) (S 74,43,36) (D 0,1,1)
0 1 6 1930 2854 10  (D 0,1,1) (S 17,20,20) (S 70,37,28) (S 26,29,29) (S 62,29,28) (S 25,28,28) (S 10,12,12) (S 40,12,2) (S 44,2,1) (D 0,1,1)
