920
6
13105000
15238000
0 1 1 5 92 7  (D 0,1,1) (S 11,4,2) (S 13,9,2) (S 12,2,9) (S 4,2,2) (S 8,2,3) (D 0,1,1)
0 1 2 5 165 7  (D 0,1,1) (S 30,1,2) (S 17,11,5) (S 36,5,3) (S 2,3,3) (S 5,11,11) (D 0,1,1)
0 1 3 5 205 7  (D 0,1,1) (S 10,2,4) (S 31,1,4) (S 32,1,7) (S 22,7,12) (S 38,12,6) (D 0,1,1)
0 1 4 5 184 7  (D 0,1,1) (S 16,5,11) (S 29,11,10) (S 28,10,11) (S 25,11,8) (S 24,8,11) (D 0,1,1)
0 1 5 5 139 7  (D 0,1,1) (S 19,12,5) (S 18,5,12) (S 23,12,7) (S 37,7,6) (S 6,12,12) (D 0,1,1)
0 1 6 5 135 7  (D 0,1,1) (S 33,1,10) (S 39,8,10) (S 21,8,7) (S 20,7,8) (S 3,10,10) (D 0,1,1)
