1364
7
129253800
148177100
0 1 1 75 234 11  (D 0,1,1) (S 32,1,2) (S 71,6,18) (S 65,18,12) (S 44,12,19) (S 25,12,6) (S 103,6,1) (S 68,1,6) (S 33,2,1) (S 77,22,28) (D 0,1,1)
0 1 2 74 178 10  (D 0,1,1) (S 18,29,30) (S 19,30,29) (S 101,29,18) (S 78,29,25) (S 13,25,25) (S 87,30,25) (S 45,19,12) (S 56,12,13) (D 0,1,1)
0 1 3 75 182 12  (D 0,1,1) (S 50,26,27) (S 55,27,21) (S 54,21,27) (S 51,27,26) (S 89,26,20) (S 98,20,19) (S 9,19,19) (S 80,19,20) (S 100,20,14) (S 47,23,22) (D 0,1,1)
0 1 4 73 173 12  (D 0,1,1) (S 42,14,15) (S 10,21,21) (S 22,23,28) (S 36,28,33) (S 17,34,34) (S 37,33,28) (S 91,28,27) (S 70,27,32) (S 66,32,33) (S 16,33,33) (D 0,1,1)
0 1 5 75 197 13  (D 0,1,1) (S 4,9,9) (S 40,16,17) (S 41,17,16) (S 99,16,23) (S 61,24,34) (S 67,33,32) (S 83,32,31) (S 35,31,30) (S 34,30,31) (S 96,31,32) (S 15,32,32) (D 0,1,1)
0 1 6 74 193 15  (D 0,1,1) (S 26,10,16) (S 27,16,10) (S 64,3,4) (S 28,3,9) (S 92,10,3) (S 5,11,11) (S 72,5,4) (S 52,4,10) (S 93,3,10) (S 53,10,4) (S 2,4,4) (S 7,15,15) (S 29,9,3) (D 0,1,1)
0 1 7 73 207 14  (D 0,1,1) (S 38,9,10) (S 39,10,9) (S 60,10,11) (S 88,5,11) (S 86,11,24) (S 104,24,17) (S 97,17,11) (S 105,11,17) (S 75,17,24) (S 12,24,24) (S 11,23,23) (S 46,22,23) (D 0,1,1)
