577
8
11333000
14602000
0 1 1 27 94 9  (D 0,1,1) (S 12,2,12) (S 49,12,19) (S 13,12,2) (S 52,12,13) (S 24,3,4) (S 38,4,19) (S 55,25,26) (D 0,1,1)
0 1 2 27 67 7  (D 0,1,1) (S 16,14,20) (S 17,20,14) (S 53,14,18) (S 50,18,25) (S 19,14,13) (D 0,1,1)
0 1 3 27 71 6  (D 0,1,1) (S 32,24,27) (S 15,8,3) (S 45,3,6) (S 33,7,11) (D 0,1,1)
0 1 4 25 38 6  (D 0,1,1) (S 42,4,5) (S 3,6,6) (S 5,10,10) (S 29,4,12) (D 0,1,1)
0 1 5 26 66 7  (D 0,1,1) (S 25,4,3) (S 14,3,8) (S 46,8,9) (S 4,8,8) (S 2,4,4) (D 0,1,1)
0 1 6 26 68 7  (D 0,1,1) (S 31,4,6) (S 54,6,8) (S 28,1,19) (S 35,1,27) (S 1,2,2) (D 0,1,1)
0 1 7 26 83 8  (D 0,1,1) (S 18,13,14) (S 43,18,21) (S 22,21,23) (S 47,22,25) (S 27,25,21) (S 34,21,22) (D 0,1,1)
0 1 8 24 90 8  (D 0,1,1) (S 39,1,15) (S 56,13,15) (S 20,15,20) (S 21,20,15) (S 36,15,17) (S 7,16,16) (D 0,1,1)
