140391
16
50076446500
203473974900
0 1 1 3999 6271 8  (D 0,1,1) (S 647,534,533) (S 646,533,534) (S 653,535,537) (S 1127,772,771) (S 1126,771,772) (S 103,103,103) (D 0,1,1)
0 1 2 4000 7068 14  (D 0,1,1) (S 22,22,22) (S 652,537,535) (S 654,538,539) (S 649,308,535) (S 1318,855,286) (S 1199,804,803) (S 1198,803,804) (S 270,270,270) (S 308,308,308) (S 708,568,569) (S 285,285,285) (S 94,94,94) (D 0,1,1)
0 1 3 4000 6956 21  (D 0,1,1) (S 423,396,395) (S 422,395,396) (S 30,30,30) (S 381,372,371) (S 380,371,372) (S 1303,577,697) (S 992,697,673) (S 939,673,672) (S 938,672,673) (S 940,673,578) (S 941,578,673) (S 993,673,697) (S 1279,833,575) (S 1278,575,833) (S 281,281,281) (S 235,235,235) (S 691,559,558) (S 1039,108,168) (S 146,146,146) (D 0,1,1)
0 1 4 4000 6597 27  (D 0,1,1) (S 74,74,74) (S 145,145,145) (S 829,145,628) (S 441,408,407) (S 440,407,408) (S 831,408,145) (S 830,145,408) (S 439,406,405) (S 438,405,406) (S 437,405,404) (S 436,404,405) (S 435,404,403) (S 434,403,404) (S 692,404,112) (S 693,112,404) (S 112,112,112) (S 795,615,614) (S 794,614,615) (S 341,341,341) (S 6,6,6) (S 351,351,350) (S 113,113,113) (S 537,464,463) (S 116,116,116) (S 87,87,87) (D 0,1,1)
0 1 5 3981 7634 25  (D 0,1,1) (S 100,100,100) (S 613,509,508) (S 612,508,509) (S 1201,806,805) (S 1200,805,806) (S 591,492,491) (S 590,491,492) (S 275,275,275) (S 342,342,342) (S 592,94,493) (S 595,495,494) (S 594,494,495) (S 593,493,94) (S 907,597,658) (S 906,658,597) (S 908,597,659) (S 1275,659,832) (S 377,368,367) (S 376,367,368) (S 375,367,366) (S 374,366,367) (S 407,19,367) (S 20,20,20) (D 0,1,1)
0 1 6 3830 7121 30  (D 0,1,1) (S 246,246,246) (S 247,247,247) (S 240,240,240) (S 115,115,115) (S 1139,779,778) (S 1137,777,247) (S 1136,247,777) (S 1138,778,779) (S 731,114,122) (S 1271,122,830) (S 1270,830,122) (S 730,122,114) (S 1067,739,738) (S 1066,738,739) (S 1274,832,659) (S 855,641,640) (S 857,642,641) (S 854,640,641) (S 856,641,642) (S 186,186,186) (S 154,154,154) (S 822,625,626) (S 1149,626,783) (S 1148,783,626) (S 469,426,425) (S 468,425,426) (S 97,97,97) (S 96,96,96) (D 0,1,1)
0 1 7 3685 7929 36  (D 0,1,1) (S 327,327,327) (S 442,37,409) (S 89,89,89) (S 578,37,487) (S 580,409,89) (S 297,297,297) (S 583,297,488) (S 582,488,297) (S 579,487,37) (S 1063,735,409) (S 1062,409,735) (S 581,89,409) (S 443,409,37) (S 600,500,501) (S 603,501,502) (S 602,502,501) (S 601,501,500) (S 1115,500,764) (S 1114,764,500) (S 1119,767,766) (S 1118,766,767) (S 373,365,364) (S 1045,722,364) (S 1043,723,722) (S 1042,722,723) (S 1044,364,722) (S 372,364,365) (S 1117,365,765) (S 1116,765,365) (S 326,326,326) (S 221,221,221) (S 39,39,39) (S 38,38,38) (S 37,37,37) (D 0,1,1)
0 1 8 3985 7802 40  (D 0,1,1) (S 53,53,53) (S 499,442,441) (S 498,441,442) (S 355,355,354) (S 354,354,355) (S 336,336,336) (S 265,265,265) (S 122,122,122) (S 623,518,517) (S 622,517,518) (S 444,174,410) (S 445,410,174) (S 909,659,597) (S 1073,741,598) (S 764,598,599) (S 406,367,19) (S 19,19,19) (S 155,155,155) (S 337,337,337) (S 1150,573,147) (S 147,147,147) (S 1167,574,794) (S 1166,794,574) (S 1083,253,745) (S 1082,745,253) (S 253,253,253) (S 563,476,81) (S 562,81,476) (S 561,81,475) (S 560,475,81) (S 81,81,81) (S 1142,132,780) (S 1143,780,132) (S 1145,781,485) (S 1144,485,781) (S 577,486,485) (S 576,485,486) (S 132,132,132) (D 0,1,1)
0 1 9 3998 10363 60  (D 0,1,1) (S 84,84,84) (S 1103,756,755) (S 1102,755,756) (S 1106,759,757) (S 1104,757,758) (S 1105,758,757) (S 1107,757,759) (S 1109,761,760) (S 1108,760,761) (S 1110,762,763) (S 1113,261,763) (S 1112,763,261) (S 261,261,261) (S 1111,763,762) (S 1162,792,793) (S 1165,266,793) (S 1163,793,792) (S 1164,793,266) (S 266,266,266) (S 267,267,267) (S 160,160,160) (S 192,192,192) (S 161,161,161) (S 162,162,162) (S 1055,411,731) (S 1054,731,411) (S 447,412,411) (S 446,411,412) (S 40,40,40) (S 757,128,594) (S 756,594,128) (S 463,46,421) (S 462,421,46) (S 755,46,446) (S 753,446,421) (S 752,421,446) (S 505,446,445) (S 504,445,446) (S 754,446,46) (S 461,421,44) (S 460,44,421) (S 459,420,419) (S 458,419,420) (S 787,608,41) (S 786,41,608) (S 1076,609,743) (S 503,444,443) (S 502,443,444) (S 788,609,610) (S 789,610,609) (S 1077,743,609) (S 137,137,137) (S 44,44,44) (S 45,45,45) (S 268,268,268) (S 191,191,191) (S 128,128,128) (S 46,46,46) (D 0,1,1)
0 1 10 3859 9892 64  (D 0,1,1) (S 915,349,663) (S 914,663,349) (S 918,309,159) (S 919,159,309) (S 1084,180,746) (S 180,180,180) (S 507,312,447) (S 506,447,312) (S 312,312,312) (S 51,51,51) (S 479,50,431) (S 489,437,56) (S 56,56,56) (S 487,436,55) (S 486,55,436) (S 488,56,437) (S 490,437,51) (S 995,698,180) (S 1085,746,180) (S 994,180,698) (S 997,699,698) (S 996,698,699) (S 52,52,52) (S 481,433,432) (S 480,432,433) (S 491,51,437) (S 589,437,431) (S 588,431,437) (S 478,431,50) (S 50,50,50) (S 91,91,91) (S 309,309,309) (S 917,490,349) (S 916,349,490) (S 587,54,490) (S 586,490,54) (S 55,55,55) (S 54,54,54) (S 349,349,348) (S 348,348,349) (S 141,141,141) (S 805,141,618) (S 1078,618,359) (S 1079,359,618) (S 861,644,643) (S 860,643,644) (S 617,512,511) (S 616,511,512) (S 615,511,510) (S 614,510,511) (S 983,49,511) (S 982,511,49) (S 49,49,49) (S 472,428,429) (S 473,429,428) (S 1069,429,725) (S 1068,725,429) (S 471,48,427) (S 470,427,48) (S 48,48,48) (S 233,233,233) (S 99,99,99) (D 0,1,1)
0 1 11 3856 8934 69  (D 0,1,1) (S 140,140,140) (S 680,553,554) (S 681,554,553) (S 703,565,564) (S 858,564,307) (S 859,307,564) (S 702,564,565) (S 1135,710,724) (S 1046,724,725) (S 1047,725,724) (S 1021,711,710) (S 1020,710,711) (S 610,506,507) (S 1134,724,710) (S 98,98,98) (S 307,307,307) (S 474,307,430) (S 475,430,307) (S 701,564,563) (S 1204,563,807) (S 700,563,564) (S 1203,563,498) (S 598,498,499) (S 599,499,498) (S 1202,498,563) (S 631,523,522) (S 911,660,522) (S 910,522,660) (S 630,522,523) (S 1205,807,563) (S 299,299,299) (S 119,119,119) (S 358,5,356) (S 359,356,5) (S 633,470,435) (S 632,435,470) (S 634,470,434) (S 482,434,53) (S 484,53,435) (S 485,435,53) (S 483,53,434) (S 635,434,470) (S 356,4,5) (S 545,470,469) (S 543,469,468) (S 542,468,469) (S 1208,469,4) (S 4,4,4) (S 76,76,76) (S 556,76,413) (S 448,413,414) (S 450,414,415) (S 451,415,414) (S 449,414,413) (S 557,413,76) (S 688,76,83) (S 83,83,83) (S 109,109,109) (S 36,36,36) (S 200,200,200) (S 360,200,357) (S 361,357,200) (S 1188,200,661) (S 1190,661,801) (S 1193,348,1) (S 1192,1,348) (S 1,1,1) (D 0,1,1)
0 1 12 4000 10310 78  (D 0,1,1) (S 903,657,157) (S 902,157,657) (S 747,592,591) (S 746,591,592) (S 1233,234,190) (S 1232,190,234) (S 620,515,516) (S 621,516,515) (S 1234,690,817) (S 1235,817,690) (S 1236,571,216) (S 216,216,216) (S 9,9,9) (S 272,272,272) (S 937,671,167) (S 935,167,670) (S 934,670,167) (S 936,167,671) (S 287,287,287) (S 167,167,167) (S 316,316,316) (S 371,363,362) (S 370,362,363) (S 775,8,134) (S 879,650,152) (S 878,152,650) (S 881,651,153) (S 880,153,651) (S 387,377,376) (S 883,376,651) (S 882,651,376) (S 386,376,377) (S 391,379,378) (S 727,582,580) (S 723,580,379) (S 722,379,580) (S 390,378,379) (S 726,580,582) (S 392,380,381) (S 393,381,380) (S 725,581,121) (S 724,121,581) (S 121,121,121) (S 120,120,120) (S 389,378,377) (S 388,377,378) (S 222,222,222) (S 153,153,153) (S 877,152,649) (S 876,649,152) (S 152,152,152) (S 875,649,151) (S 874,151,649) (S 151,151,151) (S 873,151,648) (S 890,648,653) (S 999,653,313) (S 998,313,653) (S 891,653,648) (S 1001,182,700) (S 1000,700,182) (S 872,648,151) (S 871,648,603) (S 1087,747,182) (S 953,677,104) (S 952,104,677) (S 955,170,677) (S 954,677,170) (S 170,170,170) (S 104,104,104) (S 629,521,449) (S 509,449,448) (S 508,448,449) (S 88,88,88) (S 17,17,17) (S 16,16,16) (D 0,1,1)
0 1 13 3997 11116 85  (D 0,1,1) (S 92,92,92) (S 760,132,596) (S 761,596,132) (S 1147,782,781) (S 1146,781,782) (S 823,626,625) (S 1169,795,574) (S 1168,574,795) (S 1153,785,784) (S 1152,784,785) (S 929,669,668) (S 928,668,669) (S 1154,165,786) (S 1155,786,165) (S 1156,786,787) (S 1157,787,786) (S 1159,789,788) (S 1158,788,789) (S 197,197,197) (S 1049,727,726) (S 1048,726,727) (S 596,496,497) (S 597,497,496) (S 783,607,606) (S 782,606,607) (S 311,311,311) (S 72,72,72) (S 66,66,66) (S 522,66,458) (S 526,67,68) (S 68,68,68) (S 527,68,67) (S 225,225,225) (S 525,459,458) (S 524,458,459) (S 67,67,67) (S 523,458,66) (S 528,460,321) (S 529,321,460) (S 321,321,321) (S 277,277,277) (S 339,339,339) (S 1175,277,785) (S 1174,785,277) (S 520,456,457) (S 521,457,456) (S 1176,456,455) (S 1179,798,455) (S 1178,455,798) (S 1131,220,774) (S 1130,774,220) (S 1132,775,776) (S 1133,776,775) (S 220,220,220) (S 1092,748,749) (S 1093,749,748) (S 1095,750,749) (S 1094,749,750) (S 1099,753,752) (S 1098,752,753) (S 1097,752,751) (S 1096,751,752) (S 259,259,259) (S 85,85,85) (S 1177,455,456) (S 1180,799,90) (S 2,2,2) (S 519,455,454) (S 553,454,72) (S 551,72,473) (S 550,473,72) (S 552,72,454) (S 518,454,455) (S 1181,90,799) (S 90,90,90) (S 338,338,338) (S 842,147,634) (S 843,634,147) (S 1151,147,573) (S 714,573,574) (S 715,574,573) (S 166,166,166) (S 24,24,24) (D 0,1,1)
0 1 14 3970 9323 93  (D 0,1,1) (S 1191,801,661) (S 912,661,662) (S 913,662,661) (S 1210,808,172) (S 172,172,172) (S 970,686,172) (S 1211,172,808) (S 971,172,686) (S 1209,4,469) (S 32,32,32) (S 1013,707,600) (S 1012,600,707) (S 429,399,398) (S 428,398,399) (S 427,398,33) (S 476,33,315) (S 1059,369,734) (S 1058,734,369) (S 378,369,370) (S 379,370,369) (S 837,290,632) (S 836,632,290) (S 1129,773,290) (S 1298,343,842) (S 1299,842,343) (S 1300,842,697) (S 1301,697,842) (S 1302,697,577) (S 717,576,575) (S 716,575,576) (S 415,391,25) (S 414,25,391) (S 721,579,391) (S 720,391,579) (S 719,578,577) (S 718,577,578) (S 25,25,25) (S 31,31,31) (S 425,397,31) (S 424,31,397) (S 1027,714,397) (S 1026,397,714) (S 1025,10,713) (S 1023,713,712) (S 1022,712,713) (S 1024,713,10) (S 10,10,10) (S 546,471,11) (S 547,11,471) (S 548,11,472) (S 549,472,11) (S 677,550,289) (S 676,289,550) (S 675,289,549) (S 674,549,289) (S 289,289,289) (S 11,11,11) (S 318,318,318) (S 1277,471,549) (S 1276,549,471) (S 1305,278,843) (S 1304,843,278) (S 278,278,278) (S 185,185,185) (S 314,314,314) (S 930,314,551) (S 931,551,314) (S 1003,702,701) (S 1002,701,702) (S 231,231,231) (S 93,93,93) (S 606,504,24) (S 608,24,505) (S 1007,704,255) (S 1091,255,317) (S 1090,317,255) (S 1006,255,704) (S 255,255,255) (S 317,317,317) (S 1005,703,504) (S 1004,504,703) (S 1089,254,703) (S 1088,703,254) (S 254,254,254) (S 413,23,390) (S 412,390,23) (S 411,390,389) (S 410,389,390) (S 978,390,504) (S 979,504,390) (S 23,23,23) (D 0,1,1)
0 1 15 3986 10501 94  (D 0,1,1) (S 165,165,165) (S 71,71,71) (S 196,196,196) (S 195,195,195) (S 1161,791,790) (S 1160,790,791) (S 1171,160,267) (S 1170,267,160) (S 193,193,193) (S 194,194,194) (S 236,236,236) (S 330,330,330) (S 237,237,237) (S 238,238,238) (S 239,239,239) (S 1173,797,796) (S 1172,796,797) (S 639,527,526) (S 638,526,527) (S 101,101,101) (S 785,41,136) (S 784,136,41) (S 41,41,41) (S 136,136,136) (S 925,667,524) (S 923,524,666) (S 922,666,524) (S 636,524,525) (S 637,525,524) (S 924,524,667) (S 926,667,416) (S 452,416,417) (S 501,443,417) (S 500,417,443) (S 457,419,418) (S 456,418,419) (S 455,418,417) (S 453,417,416) (S 927,416,667) (S 163,163,163) (S 295,295,295) (S 1057,733,732) (S 1056,732,733) (S 78,78,78) (S 558,79,474) (S 559,474,79) (S 793,613,79) (S 792,79,613) (S 79,79,79) (S 77,77,77) (S 853,639,77) (S 852,77,639) (S 1183,59,639) (S 1182,639,59) (S 454,417,418) (S 59,59,59) (S 164,164,164) (S 320,320,320) (S 189,189,189) (S 129,129,129) (S 566,479,480) (S 567,480,479) (S 568,481,482) (S 733,586,585) (S 732,585,586) (S 517,64,65) (S 516,65,64) (S 224,224,224) (S 65,65,65) (S 64,64,64) (S 63,63,63) (S 304,304,304) (S 1071,129,740) (S 1070,740,129) (S 569,482,481) (S 735,489,587) (S 734,587,489) (S 736,489,123) (S 738,123,26) (S 416,26,27) (S 417,27,26) (S 739,26,123) (S 737,123,489) (S 585,489,481) (S 584,481,489) (S 123,123,123) (S 27,27,27) (S 28,28,28) (S 26,26,26) (S 198,198,198) (S 95,95,95) (S 226,226,226) (D 0,1,1)
0 1 16 3968 12574 102  (D 0,1,1) (S 75,75,75) (S 134,134,134) (S 773,134,603) (S 1040,720,721) (S 1041,721,720) (S 1243,821,820) (S 1242,820,821) (S 704,117,566) (S 705,566,117) (S 1247,187,823) (S 334,334,334) (S 335,335,335) (S 1033,716,718) (S 1032,718,716) (S 1030,716,717) (S 1037,717,719) (S 1035,719,260) (S 1034,260,719) (S 1100,719,754) (S 1031,717,716) (S 1101,754,719) (S 1036,719,717) (S 260,260,260) (S 188,188,188) (S 1123,770,769) (S 1122,769,770) (S 262,262,262) (S 812,143,622) (S 813,622,143) (S 1244,822,770) (S 1245,770,822) (S 1246,823,187) (S 257,257,257) (S 324,324,324) (S 1255,825,102) (S 1254,102,825) (S 728,583,584) (S 729,584,583) (S 1065,737,736) (S 1064,736,737) (S 202,202,202) (S 203,203,203) (S 177,177,177) (S 176,176,176) (S 205,205,205) (S 206,206,206) (S 243,243,243) (S 207,207,207) (S 208,208,208) (S 209,209,209) (S 210,210,210) (S 244,244,244) (S 245,245,245) (S 212,212,212) (S 211,211,211) (S 242,242,242) (S 241,241,241) (S 181,181,181) (S 204,204,204) (S 178,178,178) (S 179,179,179) (S 1251,824,223) (S 1253,102,824) (S 791,612,611) (S 790,611,612) (S 323,323,323) (S 223,223,223) (S 62,62,62) (S 1052,729,730) (S 1053,730,729) (S 1250,223,824) (S 1252,824,102) (S 102,102,102) (S 514,452,453) (S 515,453,452) (S 1249,452,729) (S 1248,729,452) (S 331,331,331) (S 248,248,248) (S 1075,742,249) (S 1074,249,742) (S 250,250,250) (S 249,249,249) (S 219,219,219) (S 273,273,273) (S 232,232,232) (S 218,218,218) (S 217,217,217) (S 187,187,187) (S 143,143,143) (S 117,117,117) (S 1241,819,818) (S 1240,818,819) (S 1081,744,252) (S 1080,252,744) (S 252,252,252) (S 251,251,251) (S 144,144,144) (S 256,256,256) (S 258,258,258) (D 0,1,1)
