1488
7
259483100
335869400
0 1 1 103 177 18  (D 0,1,1) (S 7,15,15) (S 139,23,29) (S 82,29,37) (S 32,37,44) (S 23,44,44) (S 24,45,45) (S 132,45,50) (S 86,50,45) (S 102,45,49) (S 47,49,48) (S 46,48,49) (S 131,49,45) (S 121,50,49) (S 87,49,50) (S 129,50,46) (S 25,46,46) (D 0,1,1)
0 1 2 127 217 18  (D 0,1,1) (S 140,5,1) (S 58,1,16) (S 60,16,17) (S 50,17,31) (S 71,32,19) (S 137,19,12) (S 103,12,19) (S 70,19,32) (S 128,32,31) (S 51,31,17) (S 112,30,17) (S 99,17,30) (S 57,30,29) (S 56,29,30) (S 34,30,38) (S 15,29,29) (D 0,1,1)
0 1 3 139 220 21  (D 0,1,1) (S 54,5,6) (S 100,18,17) (S 8,17,17) (S 61,17,16) (S 59,16,1) (S 136,28,29) (S 104,30,39) (S 63,39,31) (S 62,31,39) (S 26,39,47) (S 41,47,40) (S 40,40,47) (S 27,47,39) (S 126,39,40) (S 31,40,32) (S 30,32,40) (S 20,40,40) (S 16,31,31) (S 1,2,2) (D 0,1,1)
0 1 4 116 185 23  (D 0,1,1) (S 118,3,4) (S 66,4,7) (S 29,7,6) (S 120,6,11) (S 93,11,6) (S 28,6,7) (S 2,7,7) (S 88,12,7) (S 67,7,4) (S 138,4,3) (S 130,3,6) (S 55,6,5) (S 134,5,2) (S 114,2,5) (S 4,11,11) (S 101,11,10) (S 79,10,5) (S 78,5,10) (S 3,10,10) (S 108,18,19) (S 9,19,19) (D 0,1,1)
0 1 5 139 234 24  (D 0,1,1) (S 11,22,22) (S 10,21,21) (S 5,13,13) (S 13,25,25) (S 38,25,26) (S 124,26,34) (S 17,34,34) (S 81,34,33) (S 42,33,41) (S 43,41,33) (S 80,33,34) (S 97,34,42) (S 21,42,42) (S 106,43,35) (S 135,41,42) (S 107,43,42) (S 22,43,43) (S 116,43,44) (S 33,44,37) (S 83,37,29) (S 117,29,24) (S 127,15,23) (D 0,1,1)
0 1 6 140 225 24  (D 0,1,1) (S 92,15,24) (S 89,24,23) (S 105,23,22) (S 75,22,13) (S 133,13,9) (S 141,14,23) (S 12,23,23) (S 115,23,14) (S 6,14,14) (S 123,28,36) (S 90,36,38) (S 19,38,38) (S 52,38,46) (S 53,46,38) (S 69,38,37) (S 68,37,38) (S 35,38,30) (S 85,30,24) (S 125,24,29) (S 45,9,1) (S 109,15,1) (S 95,1,5) (D 0,1,1)
0 1 7 120 230 27  (D 0,1,1) (S 44,1,9) (S 72,9,14) (S 48,8,9) (S 73,14,9) (S 49,9,8) (S 94,8,13) (S 74,13,22) (S 122,21,22) (S 98,27,26) (S 39,26,25) (S 76,25,33) (S 77,33,25) (S 119,20,25) (S 113,20,21) (S 96,13,21) (S 36,27,35) (S 84,35,36) (S 18,36,36) (S 64,36,44) (S 65,44,36) (S 91,36,35) (S 37,35,27) (S 111,26,27) (S 110,27,28) (S 14,28,28) (D 0,1,1)
