375
6
26007100
29294100
0 1 1 16 0 3  (D 0,1,1) (S 1,2,2) (D 0,1,1)
0 1 2 27 58 6  (D 0,1,1) (S 5,6,6) (S 33,1,8) (S 21,5,7) (S 37,1,7) (D 0,1,1)
0 1 3 27 70 8  (D 0,1,1) (S 17,4,8) (S 34,1,11) (S 28,7,11) (S 6,7,7) (S 31,3,10) (S 35,7,9) (D 0,1,1)
0 1 4 27 78 8  (D 0,1,1) (S 24,8,9) (S 11,9,10) (S 12,10,9) (S 41,9,11) (S 9,1,4) (S 7,2,7) (D 0,1,1)
0 1 5 27 95 9  (D 0,1,1) (S 43,2,9) (S 26,4,6) (S 40,6,9) (S 23,4,10) (S 25,3,11) (S 45,1,9) (S 29,3,4) (D 0,1,1)
0 1 6 27 74 9  (D 0,1,1) (S 15,2,3) (S 13,1,2) (S 44,2,11) (S 4,5,5) (S 30,5,8) (S 18,8,4) (S 27,4,9) (D 0,1,1)
