28473
9
423809700
536210000
0 1 1 1980 3015 10  (D 0,1,1) (S 13,21,21) (S 112,39,40) (S 129,49,48) (S 141,57,50) (S 32,50,50) (S 131,50,41) (S 25,43,43) (S 89,22,13) (D 0,1,1)
0 1 2 1704 2752 10  (D 0,1,1) (S 8,10,10) (S 73,10,19) (S 85,19,10) (S 63,1,2) (S 55,3,4) (S 70,7,8) (S 82,17,8) (S 7,8,8) (D 0,1,1)
0 1 3 1968 3125 10  (D 0,1,1) (S 23,36,36) (S 109,36,35) (S 22,35,35) (S 120,43,34) (S 121,43,42) (S 117,42,43) (S 123,44,35) (S 56,11,12) (D 0,1,1)
0 1 4 1956 3313 11  (D 0,1,1) (S 43,63,63) (S 166,73,66) (S 45,65,65) (S 51,72,72) (S 52,73,73) (S 167,73,74) (S 54,75,75) (S 147,60,45) (S 34,54,54) (D 0,1,1)
0 1 5 1964 3029 10  (D 0,1,1) (S 66,4,5) (S 83,17,16) (S 81,16,15) (S 107,34,33) (S 106,33,43) (S 122,43,44) (S 26,44,44) (S 20,33,33) (D 0,1,1)
0 1 6 1982 3208 11  (D 0,1,1) (S 17,27,27) (S 125,45,60) (S 39,59,59) (S 143,58,51) (S 33,51,51) (S 116,41,42) (S 19,32,32) (S 102,32,23) (S 114,40,41) (D 0,1,1)
0 1 7 1985 3601 13  (D 0,1,1) (S 68,6,7) (S 71,7,16) (S 14,24,24) (S 110,36,45) (S 27,45,45) (S 38,58,58) (S 156,65,57) (S 98,28,19) (S 86,19,20) (S 148,60,59) (S 105,33,32) (D 0,1,1)
0 1 8 1955 3242 12  (D 0,1,1) (S 90,22,23) (S 113,40,31) (S 138,55,63) (S 153,63,70) (S 50,71,71) (S 154,64,56) (S 157,65,64) (S 31,49,49) (S 130,49,56) (S 103,33,23) (D 0,1,1)
0 1 9 1978 3188 12  (D 0,1,1) (S 28,46,46) (S 29,47,47) (S 126,46,37) (S 59,37,38) (S 139,56,49) (S 61,49,50) (S 115,41,32) (S 111,39,31) (S 99,29,20) (S 74,11,10) (D 0,1,1)
