1318
6
19030100
26394500
0 1 1 80 149 11  (D 0,1,1) (S 8,10,10) (S 55,16,10) (S 42,10,3) (S 49,3,9) (S 33,9,10) (S 50,11,5) (S 48,11,4) (S 2,4,4) (S 3,5,5) (D 0,1,1)
0 1 2 120 240 15  (D 0,1,1) (S 17,21,21) (S 77,21,22) (S 18,22,22) (S 47,28,23) (S 57,23,24) (S 31,24,34) (S 74,33,34) (S 32,34,24) (S 80,24,17) (S 14,17,17) (S 72,11,24) (S 75,24,23) (S 78,23,28) (D 0,1,1)
0 1 3 128 263 15  (D 0,1,1) (S 46,26,25) (S 19,25,25) (S 70,25,29) (S 23,29,29) (S 25,31,31) (S 63,30,31) (S 24,30,30) (S 43,18,29) (S 30,18,6) (S 67,1,2) (S 65,2,8) (S 27,8,14) (S 11,14,14) (D 0,1,1)
0 1 4 116 226 16  (D 0,1,1) (S 81,3,2) (S 54,2,13) (S 44,13,12) (S 4,6,6) (S 9,12,12) (S 71,12,6) (S 66,6,12) (S 64,6,7) (S 5,7,7) (S 29,6,18) (S 53,18,19) (S 73,19,20) (S 69,20,21) (S 7,9,9) (D 0,1,1)
0 1 5 126 207 18  (D 0,1,1) (S 13,16,16) (S 82,15,14) (S 28,14,8) (S 6,8,8) (S 38,14,13) (S 37,13,14) (S 51,14,20) (S 16,20,20) (S 59,19,25) (S 20,26,26) (S 10,13,13) (S 15,19,19) (S 60,19,13) (S 62,13,2) (S 56,2,3) (S 1,3,3) (D 0,1,1)
0 1 6 122 233 19  (D 0,1,1) (S 41,3,10) (S 34,10,9) (S 36,9,8) (S 35,8,9) (S 61,9,15) (S 12,15,15) (S 45,15,21) (S 52,21,15) (S 76,15,22) (S 22,28,28) (S 40,33,28) (S 79,28,22) (S 39,28,33) (S 68,33,32) (S 58,32,27) (S 21,27,27) (S 26,34,34) (D 0,1,1)
