645
7
1153600
1421200
0 1 1 18 0 3  (D 0,1,1) (S 1,2,2) (D 0,1,1)
0 1 2 39 95 5  (D 0,1,1) (S 2,3,3) (S 21,3,6) (S 18,2,8) (D 0,1,1)
0 1 3 34 95 5  (D 0,1,1) (S 13,2,1) (S 16,1,9) (S 8,9,9) (D 0,1,1)
0 1 4 40 87 5  (D 0,1,1) (S 22,4,5) (S 12,5,1) (S 15,1,7) (D 0,1,1)
0 1 5 40 120 6  (D 0,1,1) (S 10,2,4) (S 19,5,7) (S 6,7,7) (S 5,6,6) (D 0,1,1)
0 1 6 38 135 6  (D 0,1,1) (S 14,1,2) (S 23,6,7) (S 11,1,5) (S 20,5,9) (D 0,1,1)
0 1 7 38 113 7  (D 0,1,1) (S 3,4,4) (S 17,4,3) (S 24,3,7) (S 4,5,5) (S 9,4,2) (D 0,1,1)
