1111
7
319942900
386960300
0 1 1 75 170 12  (D 0,1,1) (S 63,4,3) (S 62,3,4) (S 2,4,4) (S 24,2,7) (S 6,11,11) (S 43,3,2) (S 48,8,14) (S 8,13,13) (S 58,9,15) (S 114,12,13) (D 0,1,1)
0 1 2 73 142 14  (D 0,1,1) (S 5,9,9) (S 59,15,9) (S 94,9,8) (S 38,15,16) (S 40,16,17) (S 133,17,10) (S 149,10,17) (S 10,17,17) (S 41,17,16) (S 148,16,9) (S 142,8,7) (S 4,7,7) (D 0,1,1)
0 1 3 70 151 14  (D 0,1,1) (S 95,9,16) (S 39,16,15) (S 141,16,24) (S 28,25,28) (S 29,28,25) (S 102,28,32) (S 46,32,37) (S 147,37,38) (S 124,38,28) (S 132,28,38) (S 44,38,43) (S 127,43,45) (D 0,1,1)
0 1 4 71 143 14  (D 0,1,1) (S 110,23,24) (S 13,24,24) (S 101,24,32) (S 123,32,31) (S 111,31,32) (S 47,37,32) (S 118,32,38) (S 19,38,38) (S 21,43,43) (S 45,43,38) (S 92,45,43) (S 18,37,37) (D 0,1,1)
0 1 5 75 156 15  (D 0,1,1) (S 12,23,23) (S 16,31,31) (S 73,36,35) (S 90,35,34) (S 66,34,40) (S 27,34,26) (S 119,40,47) (S 23,47,47) (S 77,46,33) (S 76,33,46) (S 115,46,47) (S 140,47,40) (S 117,30,26) (D 0,1,1)
0 1 6 74 144 15  (D 0,1,1) (S 30,14,22) (S 11,22,22) (S 85,21,20) (S 84,20,21) (S 71,20,19) (S 113,18,26) (S 98,26,18) (S 54,18,19) (S 55,19,18) (S 53,19,11) (S 88,11,12) (S 116,13,7) (S 89,7,13) (D 0,1,1)
0 1 7 75 205 18  (D 0,1,1) (S 69,23,15) (S 72,35,36) (S 138,36,42) (S 103,42,41) (S 100,48,41) (S 32,44,49) (S 33,49,44) (S 86,49,50) (S 146,50,45) (S 105,45,50) (S 61,50,44) (S 128,49,48) (S 120,48,49) (S 125,49,41) (S 97,41,49) (S 22,44,44) (D 0,1,1)
