1506
7
122552600
141308200
0 1 1 140 228 18  (D 0,1,1) (S 53,17,10) (S 136,12,19) (S 72,19,32) (S 102,32,31) (S 69,31,17) (S 129,30,39) (S 39,39,38) (S 38,38,39) (S 64,39,47) (S 85,47,40) (S 84,40,47) (S 65,47,39) (S 114,39,40) (S 75,40,32) (S 73,32,19) (S 133,19,18) (D 0,1,1)
0 1 2 94 150 19  (D 0,1,1) (S 4,5,5) (S 46,5,10) (S 49,10,1) (S 97,23,24) (S 12,15,15) (S 88,1,9) (S 6,9,9) (S 48,1,10) (S 132,11,6) (S 82,6,7) (S 103,7,12) (S 9,12,12) (S 47,10,5) (S 90,5,1) (S 93,1,5) (S 113,5,2) (S 1,2,2) (D 0,1,1)
0 1 3 93 156 19  (D 0,1,1) (S 123,2,3) (S 2,3,3) (S 134,3,4) (S 3,4,4) (S 83,7,6) (S 127,6,11) (S 8,11,11) (S 52,10,17) (S 68,17,31) (S 106,31,32) (S 44,31,39) (S 45,39,31) (S 74,32,40) (S 28,40,40) (S 14,19,19) (S 100,18,19) (S 7,10,10) (D 0,1,1)
0 1 4 139 225 21  (D 0,1,1) (S 76,15,16) (S 13,16,16) (S 77,16,15) (S 124,15,24) (S 17,23,23) (S 107,23,15) (S 61,15,14) (S 16,22,22) (S 37,22,13) (S 128,13,8) (S 78,8,9) (S 79,9,8) (S 5,8,8) (S 10,13,13) (S 15,21,21) (S 36,13,22) (S 125,13,9) (S 89,9,1) (S 94,1,15) (D 0,1,1)
0 1 5 140 248 22  (D 0,1,1) (S 70,37,44) (S 71,44,37) (S 95,45,46) (S 35,50,50) (S 34,49,49) (S 33,45,45) (S 135,50,45) (S 111,45,49) (S 81,49,48) (S 57,48,43) (S 142,43,44) (S 121,44,43) (S 31,43,43) (S 56,43,48) (S 80,48,49) (S 92,49,50) (S 99,50,46) (S 139,46,45) (S 32,44,44) (S 26,37,37) (D 0,1,1)
0 1 6 139 257 28  (D 0,1,1) (S 20,27,27) (S 115,27,26) (S 59,26,25) (S 98,20,25) (S 108,25,20) (S 116,20,21) (S 104,21,26) (S 19,25,25) (S 58,25,26) (S 131,26,34) (S 67,34,33) (S 54,33,41) (S 55,41,33) (S 66,33,34) (S 120,34,42) (S 126,42,34) (S 140,34,26) (S 122,26,27) (S 25,36,36) (S 141,36,28) (S 138,28,29) (S 96,30,24) (S 41,24,17) (S 101,17,30) (S 23,30,30) (S 91,23,29) (D 0,1,1)
0 1 7 140 242 29  (D 0,1,1) (S 110,11,18) (S 118,18,17) (S 40,17,24) (S 86,29,37) (S 87,37,29) (S 137,29,24) (S 18,24,24) (S 21,28,28) (S 63,28,22) (S 62,22,28) (S 130,35,36) (S 109,36,35) (S 105,36,38) (S 27,38,38) (S 43,38,30) (S 42,30,38) (S 22,29,29) (S 50,23,28) (S 112,28,27) (S 24,34,34) (S 29,41,41) (S 30,42,42) (S 51,28,23) (S 117,23,14) (S 11,14,14) (S 60,14,15) (S 119,15,23) (D 0,1,1)
