593
6
17004600
23877400
0 1 1 7 0 3  (D 0,1,1) (S 1,2,2) (D 0,1,1)
0 1 2 40 104 7  (D 0,1,1) (S 8,9,9) (S 21,9,10) (S 4,5,5) (S 30,5,11) (S 27,21,15) (D 0,1,1)
0 1 3 40 134 7  (D 0,1,1) (S 38,19,9) (S 37,19,20) (S 25,20,21) (S 15,21,21) (S 35,17,13) (D 0,1,1)
0 1 4 34 99 7  (D 0,1,1) (S 3,4,4) (S 19,1,2) (S 20,19,22) (S 16,22,22) (S 2,3,3) (D 0,1,1)
0 1 5 40 141 9  (D 0,1,1) (S 26,12,6) (S 5,6,6) (S 7,8,8) (S 6,7,7) (S 10,14,14) (S 13,18,18) (S 41,15,21) (D 0,1,1)
0 1 6 40 115 8  (D 0,1,1) (S 29,10,11) (S 44,11,10) (S 34,10,20) (S 14,20,20) (S 28,9,3) (S 43,3,1) (D 0,1,1)
