845
7
4038000
5368100
0 1 1 23 0 3  (D 0,1,1) (S 1,2,2) (D 0,1,1)
0 1 2 33 124 5  (D 0,1,1) (S 12,4,10) (S 10,5,10) (S 4,10,10) (D 0,1,1)
0 1 3 30 103 4  (D 0,1,1) (S 18,1,4) (S 7,4,5) (D 0,1,1)
0 1 4 27 118 5  (D 0,1,1) (S 19,1,3) (S 9,2,6) (S 8,2,8) (D 0,1,1)
0 1 5 33 135 6  (D 0,1,1) (S 15,2,3) (S 14,3,6) (S 22,6,10) (S 2,7,7) (D 0,1,1)
0 1 6 33 181 6  (D 0,1,1) (S 16,1,5) (S 13,4,11) (S 11,11,13) (S 5,11,11) (D 0,1,1)
0 1 7 33 184 7  (D 0,1,1) (S 21,6,12) (S 20,8,9) (S 3,9,9) (S 17,8,12) (S 6,12,12) (D 0,1,1)
