607
6
1392500
1786200
0 1 1 5 41 5  (D 0,1,1) (S 1,2,2) (S 16,9,10) (S 5,9,9) (D 0,1,1)
0 1 2 5 119 7  (D 0,1,1) (S 11,11,5) (S 25,5,6) (S 24,7,12) (S 27,12,13) (S 20,4,13) (D 0,1,1)
0 1 3 5 155 7  (D 0,1,1) (S 15,3,13) (S 22,5,13) (S 10,5,11) (S 13,11,10) (S 9,10,8) (D 0,1,1)
0 1 4 5 102 7  (D 0,1,1) (S 18,1,10) (S 12,10,11) (S 7,7,6) (S 6,6,7) (S 4,6,6) (D 0,1,1)
0 1 5 5 93 7  (D 0,1,1) (S 19,1,4) (S 17,2,3) (S 14,3,5) (S 3,5,5) (S 2,3,3) (D 0,1,1)
0 1 6 5 97 7  (D 0,1,1) (S 23,1,12) (S 21,1,7) (S 26,7,8) (S 28,8,11) (S 8,8,10) (D 0,1,1)
