1480
6
118115700
133848200
0 1 1 91 161 15  (D 0,1,1) (S 3,5,5) (S 121,1,16) (S 12,16,16) (S 69,15,16) (S 70,16,15) (S 126,23,28) (S 20,28,28) (S 102,28,22) (S 110,21,26) (S 18,26,26) (S 73,26,27) (S 74,27,26) (S 19,27,27) (D 0,1,1)
0 1 2 125 217 18  (D 0,1,1) (S 2,4,4) (S 9,12,12) (S 95,11,18) (S 14,18,18) (S 114,18,17) (S 22,31,31) (S 27,39,39) (S 109,39,40) (S 28,40,40) (S 46,40,32) (S 58,32,19) (S 57,19,32) (S 45,32,40) (S 44,39,38) (S 98,38,37) (S 25,37,37) (D 0,1,1)
0 1 3 111 213 19  (D 0,1,1) (S 49,3,4) (S 79,7,12) (S 80,12,7) (S 103,7,4) (S 50,4,3) (S 85,3,6) (S 86,6,3) (S 94,2,3) (S 7,10,10) (S 8,11,11) (S 13,17,17) (S 60,17,16) (S 59,16,17) (S 64,17,10) (S 63,10,17) (S 37,17,24) (S 96,29,37) (D 0,1,1)
0 1 4 174 324 29  (D 0,1,1) (S 39,46,50) (S 32,45,45) (S 119,45,49) (S 34,50,50) (S 26,38,38) (S 118,38,36) (S 129,36,38) (S 106,36,44) (S 31,43,43) (S 41,43,48) (S 47,48,49) (S 48,49,48) (S 33,49,49) (S 130,50,45) (S 120,45,50) (S 40,50,46) (S 71,45,46) (S 72,46,45) (S 91,45,48) (S 42,48,43) (S 90,43,35) (S 105,34,33) (S 68,33,25) (S 97,25,20) (S 128,20,21) (S 115,13,9) (S 131,20,25) (D 0,1,1)
0 1 5 175 282 30  (D 0,1,1) (S 4,6,6) (S 35,6,11) (S 36,11,6) (S 107,6,5) (S 65,5,10) (S 62,10,1) (S 122,9,8) (S 6,9,9) (S 10,14,14) (S 56,23,14) (S 55,14,23) (S 17,24,24) (S 87,24,30) (S 24,35,35) (S 92,35,34) (S 54,42,34) (S 53,34,42) (S 30,42,42) (S 127,41,33) (S 112,33,41) (S 29,41,41) (S 67,25,33) (S 23,33,33) (S 15,21,21) (S 61,1,10) (S 66,10,5) (S 82,5,2) (S 81,2,5) (D 0,1,1)
0 1 6 163 283 32  (D 0,1,1) (S 11,15,15) (S 111,23,22) (S 16,22,22) (S 117,22,21) (S 88,13,21) (S 99,21,20) (S 100,13,22) (S 116,21,13) (S 104,13,8) (S 5,8,8) (S 52,15,14) (S 51,14,15) (S 75,15,24) (S 76,24,15) (S 77,23,29) (S 21,29,29) (S 113,30,38) (S 43,38,39) (S 108,39,30) (S 101,30,29) (S 78,29,23) (S 125,23,24) (S 38,24,17) (S 93,30,17) (S 124,17,31) (S 83,31,39) (S 84,39,31) (S 123,31,17) (S 89,17,18) (S 1,3,3) (D 0,1,1)
