1660
6
39373800
52674100
0 1 1 112 206 18  (D 0,1,1) (S 1,2,2) (S 80,7,1) (S 73,1,7) (S 69,7,13) (S 67,13,14) (S 96,14,23) (S 9,13,13) (S 5,7,7) (S 3,4,4) (S 4,5,5) (S 104,4,3) (S 74,10,9) (S 72,9,14) (S 83,14,15) (S 11,15,15) (S 2,3,3) (D 0,1,1)
0 1 2 130 286 19  (D 0,1,1) (S 12,17,17) (S 13,18,18) (S 53,18,17) (S 52,17,18) (S 41,17,16) (S 105,19,26) (S 75,25,15) (S 102,24,14) (S 99,23,29) (S 61,29,23) (S 90,23,13) (S 79,13,23) (S 54,23,14) (S 10,14,14) (S 94,10,4) (S 87,10,15) (S 38,2,3) (D 0,1,1)
0 1 3 130 321 19  (D 0,1,1) (S 29,32,27) (S 66,33,37) (S 26,37,37) (S 81,37,36) (S 106,36,35) (S 42,35,39) (S 35,39,38) (S 68,38,34) (S 92,34,38) (S 34,38,39) (S 43,39,35) (S 95,35,36) (S 77,36,39) (S 27,39,39) (S 100,36,40) (S 48,40,41) (S 49,41,40) (D 0,1,1)
0 1 4 130 299 19  (D 0,1,1) (S 40,16,17) (S 89,17,20) (S 20,27,27) (S 33,27,21) (S 32,21,27) (S 28,27,32) (S 23,32,32) (S 36,27,28) (S 37,28,27) (S 101,37,33) (S 91,33,27) (S 55,32,26) (S 19,26,26) (S 65,36,32) (S 98,32,31) (S 51,31,25) (S 85,25,26) (D 0,1,1)
0 1 5 130 304 21  (D 0,1,1) (S 71,16,15) (S 60,15,14) (S 58,14,24) (S 84,24,30) (S 30,30,31) (S 56,31,35) (S 50,25,31) (S 31,31,30) (S 62,30,29) (S 76,29,34) (S 24,34,34) (S 64,34,35) (S 25,35,35) (S 22,31,31) (S 18,25,25) (S 45,24,23) (S 44,23,24) (S 21,30,30) (S 17,24,24) (D 0,1,1)
0 1 6 114 244 22  (D 0,1,1) (S 59,8,9) (S 6,9,9) (S 57,10,11) (S 63,16,19) (S 15,20,20) (S 103,20,21) (S 46,21,22) (S 16,22,22) (S 47,22,21) (S 97,21,20) (S 86,20,19) (S 14,19,19) (S 82,16,11) (S 93,6,5) (S 88,12,6) (S 70,6,12) (S 8,12,12) (S 7,11,11) (S 78,11,12) (S 39,3,2) (D 0,1,1)
