102315
17
55013141600
208424561900
0 1 1 2000 3784 10  (D 0,1,1) (S 646,533,534) (S 649,308,535) (S 651,537,536) (S 862,22,645) (S 300,300,300) (S 103,103,103) (S 708,568,569) (S 91,91,91) (D 0,1,1)
0 1 2 2000 13068 34  (D 0,1,1) (S 1191,801,661) (S 1189,661,200) (S 578,37,487) (S 1063,735,409) (S 1062,409,735) (S 581,89,409) (S 580,409,89) (S 297,297,297) (S 583,297,488) (S 582,488,297) (S 89,89,89) (S 37,37,37) (S 25,25,25) (S 33,33,33) (S 12,12,12) (S 327,327,327) (S 1128,290,773) (S 442,37,409) (S 1195,645,201) (S 84,84,84) (S 49,49,49) (S 1207,469,340) (S 86,86,86) (S 1204,563,807) (S 340,340,340) (S 1229,816,815) (S 1221,683,811) (S 1237,216,571) (S 1214,74,809) (S 10,10,10) (S 36,36,36) (S 64,64,64) (D 0,1,1)
0 1 3 1370 3354 32  (D 0,1,1) (S 140,140,140) (S 680,553,554) (S 681,554,553) (S 702,564,565) (S 1135,710,724) (S 1021,711,710) (S 1020,710,711) (S 610,506,507) (S 1046,724,725) (S 1047,725,724) (S 609,505,24) (S 607,24,504) (S 979,504,390) (S 413,23,390) (S 412,390,23) (S 411,390,389) (S 410,389,390) (S 978,390,504) (S 1004,504,703) (S 1089,254,703) (S 1088,703,254) (S 254,254,254) (S 606,504,24) (S 608,24,505) (S 1007,704,255) (S 1091,255,317) (S 1090,317,255) (S 1006,255,704) (S 255,255,255) (S 98,98,98) (D 0,1,1)
0 1 4 1797 4937 32  (D 0,1,1) (S 314,314,314) (S 678,551,552) (S 679,552,551) (S 1139,779,778) (S 1138,778,779) (S 731,114,122) (S 1271,122,830) (S 1270,830,122) (S 623,518,517) (S 622,517,518) (S 592,94,493) (S 594,494,495) (S 122,122,122) (S 760,132,596) (S 761,596,132) (S 1147,782,781) (S 1146,781,782) (S 854,640,641) (S 856,641,642) (S 855,641,640) (S 857,642,641) (S 375,367,366) (S 374,366,367) (S 406,367,19) (S 563,476,81) (S 562,81,476) (S 561,81,475) (S 560,475,81) (S 81,81,81) (S 132,132,132) (D 0,1,1)
0 1 5 1723 3545 33  (D 0,1,1) (S 145,145,145) (S 829,145,628) (S 801,617,616) (S 827,616,627) (S 825,627,130) (S 418,29,392) (S 419,392,29) (S 758,131,595) (S 759,595,131) (S 899,116,131) (S 898,131,116) (S 697,561,116) (S 696,116,561) (S 846,635,636) (S 341,341,341) (S 695,560,361) (S 367,360,6) (S 366,6,360) (S 368,361,3) (S 369,3,361) (S 694,361,560) (S 839,560,562) (S 1257,636,394) (S 795,615,614) (S 794,614,615) (S 421,394,393) (S 420,393,394) (S 1256,394,636) (S 848,636,637) (S 113,113,113) (S 199,199,199) (D 0,1,1)
0 1 6 2000 6283 34  (D 0,1,1) (S 771,602,133) (S 817,346,347) (S 816,347,346) (S 660,542,543) (S 661,543,542) (S 815,542,593) (S 750,593,43) (S 751,43,593) (S 814,593,542) (S 802,543,439) (S 495,294,439) (S 494,439,294) (S 294,294,294) (S 493,439,438) (S 885,623,376) (S 884,376,623) (S 887,484,623) (S 886,623,484) (S 572,484,57) (S 496,57,440) (S 497,440,57) (S 574,57,296) (S 575,296,57) (S 573,57,484) (S 293,293,293) (S 889,652,484) (S 888,484,652) (S 58,58,58) (S 57,57,57) (S 296,296,296) (S 148,148,148) (S 1037,717,719) (D 0,1,1)
0 1 7 1993 6818 34  (D 0,1,1) (S 247,247,247) (S 1137,777,247) (S 1136,247,777) (S 757,128,594) (S 756,594,128) (S 463,46,421) (S 462,421,46) (S 755,46,446) (S 753,446,421) (S 752,421,446) (S 505,446,445) (S 504,445,446) (S 754,446,46) (S 461,421,44) (S 460,44,421) (S 459,420,419) (S 458,419,420) (S 787,608,41) (S 786,41,608) (S 1076,609,743) (S 503,444,443) (S 502,443,444) (S 788,609,610) (S 789,610,609) (S 1077,743,609) (S 137,137,137) (S 44,44,44) (S 45,45,45) (S 268,268,268) (S 191,191,191) (S 128,128,128) (S 46,46,46) (D 0,1,1)
0 1 8 1896 4914 36  (D 0,1,1) (S 915,349,663) (S 914,663,349) (S 918,309,159) (S 919,159,309) (S 1084,180,746) (S 180,180,180) (S 507,312,447) (S 506,447,312) (S 312,312,312) (S 51,51,51) (S 479,50,431) (S 478,431,50) (S 50,50,50) (S 54,54,54) (S 55,55,55) (S 912,661,662) (S 913,662,661) (S 1210,808,172) (S 172,172,172) (S 970,686,172) (S 1211,172,808) (S 565,478,477) (S 564,477,478) (S 1213,74,478) (S 1212,478,74) (S 745,73,590) (S 744,590,73) (S 555,73,400) (S 430,400,401) (S 431,401,400) (S 977,689,400) (S 976,400,689) (S 554,400,73) (S 73,73,73) (D 0,1,1)
0 1 9 1748 4317 37  (D 0,1,1) (S 271,271,271) (S 942,674,675) (S 943,675,674) (S 944,675,385) (S 397,384,383) (S 395,383,382) (S 1263,382,828) (S 645,532,531) (S 644,531,532) (S 699,562,561) (S 845,561,595) (S 844,595,561) (S 698,561,562) (S 1258,562,826) (S 1259,826,562) (S 838,562,560) (S 850,638,351) (S 3,3,3) (S 352,352,353) (S 353,353,352) (S 841,633,352) (S 840,352,633) (S 539,466,465) (S 538,465,466) (S 351,351,350) (S 797,350,112) (S 796,112,350) (S 350,350,351) (S 851,351,638) (S 849,637,636) (S 847,636,635) (S 116,116,116) (S 131,131,131) (S 305,305,305) (S 29,29,29) (D 0,1,1)
0 1 10 2000 5480 41  (D 0,1,1) (S 859,307,564) (S 858,564,307) (S 703,565,564) (S 1201,806,805) (S 1200,805,806) (S 591,492,491) (S 590,491,492) (S 499,442,441) (S 498,441,442) (S 355,355,354) (S 354,354,355) (S 336,336,336) (S 546,471,11) (S 547,11,471) (S 548,11,472) (S 549,472,11) (S 677,550,289) (S 676,289,550) (S 675,289,549) (S 674,549,289) (S 289,289,289) (S 11,11,11) (S 318,318,318) (S 1277,471,549) (S 1276,549,471) (S 1305,278,843) (S 1304,843,278) (S 278,278,278) (S 185,185,185) (S 240,240,240) (S 115,115,115) (S 230,230,230) (S 166,166,166) (S 931,551,314) (S 1003,702,701) (S 1002,701,702) (S 231,231,231) (S 93,93,93) (S 23,23,23) (D 0,1,1)
0 1 11 1818 6401 46  (D 0,1,1) (S 100,100,100) (S 613,509,508) (S 612,508,509) (S 1134,724,710) (S 317,317,317) (S 1005,703,504) (S 1142,132,780) (S 1143,780,132) (S 1145,781,485) (S 1144,485,781) (S 823,626,625) (S 1169,795,574) (S 1168,574,795) (S 1152,784,785) (S 1153,785,784) (S 1174,785,277) (S 1175,277,785) (S 1176,456,455) (S 1179,798,455) (S 1178,455,798) (S 1131,220,774) (S 1130,774,220) (S 1132,775,776) (S 1133,776,775) (S 220,220,220) (S 1092,748,749) (S 1093,749,748) (S 1095,750,749) (S 1094,749,750) (S 1099,753,752) (S 1098,752,753) (S 1097,752,751) (S 1096,751,752) (S 259,259,259) (S 85,85,85) (S 520,456,457) (S 522,66,458) (S 526,67,68) (S 68,68,68) (S 527,68,67) (S 225,225,225) (S 525,459,458) (S 524,458,459) (S 67,67,67) (D 0,1,1)
0 1 12 1934 5982 46  (D 0,1,1) (S 124,124,124) (S 383,374,373) (S 382,373,374) (S 384,374,375) (S 1225,813,812) (S 1261,656,827) (S 900,656,87) (S 1009,706,705) (S 901,87,656) (S 1262,828,382) (S 394,382,383) (S 396,383,384) (S 333,333,333) (S 298,298,298) (S 625,519,298) (S 624,298,519) (S 405,18,386) (S 404,386,18) (S 1265,18,382) (S 1264,382,18) (S 987,693,676) (S 986,676,693) (S 571,88,483) (S 949,169,483) (S 948,483,169) (S 169,169,169) (S 985,676,692) (S 984,692,676) (S 947,483,676) (S 946,676,483) (S 570,483,88) (S 1267,521,448) (S 1266,448,521) (S 659,541,104) (S 951,104,169) (S 950,169,104) (S 658,104,541) (S 1269,829,541) (S 1268,541,829) (S 1051,728,214) (S 1050,214,728) (S 214,214,214) (S 215,215,215) (S 213,213,213) (D 0,1,1)
0 1 13 1940 6377 49  (D 0,1,1) (S 332,332,332) (S 903,657,157) (S 902,157,657) (S 747,592,591) (S 746,591,592) (S 1233,234,190) (S 1232,190,234) (S 235,235,235) (S 190,190,190) (S 158,158,158) (S 157,157,157) (S 134,134,134) (S 774,134,8) (S 777,604,8) (S 937,671,167) (S 935,167,670) (S 934,670,167) (S 936,167,671) (S 287,287,287) (S 167,167,167) (S 316,316,316) (S 371,363,362) (S 370,362,363) (S 776,8,604) (S 778,605,135) (S 820,623,624) (S 779,135,605) (S 821,624,623) (S 819,623,438) (S 818,438,623) (S 492,438,439) (S 803,439,543) (S 663,43,543) (S 662,543,43) (S 43,43,43) (S 347,347,347) (S 346,346,346) (S 135,135,135) (S 8,8,8) (S 769,133,601) (S 864,601,646) (S 865,646,601) (S 866,149,150) (S 867,150,149) (S 1008,705,706) (S 313,313,313) (S 87,87,87) (D 0,1,1)
0 1 14 1971 6616 50  (D 0,1,1) (S 338,338,338) (S 929,669,668) (S 928,668,669) (S 1154,165,786) (S 1155,786,165) (S 1156,786,787) (S 1157,787,786) (S 1159,789,788) (S 1158,788,789) (S 197,197,197) (S 195,195,195) (S 266,266,266) (S 267,267,267) (S 160,160,160) (S 192,192,192) (S 161,161,161) (S 162,162,162) (S 1055,411,731) (S 1054,731,411) (S 447,412,411) (S 446,411,412) (S 40,40,40) (S 295,295,295) (S 1057,733,732) (S 1056,732,733) (S 78,78,78) (S 558,79,474) (S 559,474,79) (S 793,613,79) (S 792,79,613) (S 79,79,79) (S 77,77,77) (S 853,639,77) (S 852,77,639) (S 1183,59,639) (S 1182,639,59) (S 454,417,418) (S 59,59,59) (S 164,164,164) (S 519,455,454) (S 553,454,72) (S 551,72,473) (S 550,473,72) (S 552,72,454) (S 518,454,455) (S 1181,90,799) (S 90,90,90) (S 24,24,24) (D 0,1,1)
0 1 15 1992 6337 53  (D 0,1,1) (S 75,75,75) (S 1215,809,74) (S 1217,423,810) (S 1216,810,423) (S 1029,683,715) (S 1222,375,812) (S 1223,812,375) (S 1224,812,813) (S 1260,827,656) (S 149,149,149) (S 150,150,150) (S 770,133,602) (S 780,602,603) (S 869,603,647) (S 868,647,603) (S 870,603,648) (S 1086,182,747) (S 182,182,182) (S 890,648,653) (S 999,653,313) (S 998,313,653) (S 891,653,648) (S 1001,182,700) (S 1000,700,182) (S 872,648,151) (S 871,648,603) (S 1087,747,182) (S 953,677,104) (S 952,104,677) (S 955,170,677) (S 954,677,170) (S 170,170,170) (S 104,104,104) (S 629,521,449) (S 627,449,520) (S 626,520,449) (S 628,449,521) (S 509,449,448) (S 508,448,449) (S 263,263,263) (S 60,60,60) (S 511,60,450) (S 510,450,60) (S 513,451,60) (S 512,60,451) (S 264,264,264) (S 61,61,61) (S 88,88,88) (S 227,227,227) (S 16,16,16) (S 17,17,17) (D 0,1,1)
0 1 16 1945 6413 55  (D 0,1,1) (S 66,66,66) (S 523,458,66) (S 528,460,321) (S 529,321,460) (S 321,321,321) (S 1049,727,726) (S 1048,726,727) (S 596,496,497) (S 597,497,496) (S 783,607,606) (S 782,606,607) (S 311,311,311) (S 72,72,72) (S 71,71,71) (S 1161,791,790) (S 1160,790,791) (S 1171,160,267) (S 1170,267,160) (S 193,193,193) (S 194,194,194) (S 236,236,236) (S 330,330,330) (S 237,237,237) (S 238,238,238) (S 239,239,239) (S 1173,797,796) (S 1172,796,797) (S 639,527,526) (S 638,526,527) (S 101,101,101) (S 785,41,136) (S 784,136,41) (S 41,41,41) (S 136,136,136) (S 925,667,524) (S 923,524,666) (S 922,666,524) (S 636,524,525) (S 637,525,524) (S 924,524,667) (S 926,667,416) (S 452,416,417) (S 501,443,417) (S 500,417,443) (S 457,419,418) (S 456,418,419) (S 455,418,417) (S 453,417,416) (S 927,416,667) (S 163,163,163) (S 320,320,320) (S 189,189,189) (S 129,129,129) (D 0,1,1)
0 1 17 1997 7689 58  (D 0,1,1) (S 324,324,324) (S 1255,825,102) (S 1254,102,825) (S 728,583,584) (S 729,584,583) (S 1065,737,736) (S 1064,736,737) (S 202,202,202) (S 203,203,203) (S 177,177,177) (S 176,176,176) (S 205,205,205) (S 206,206,206) (S 243,243,243) (S 207,207,207) (S 208,208,208) (S 209,209,209) (S 210,210,210) (S 244,244,244) (S 245,245,245) (S 212,212,212) (S 211,211,211) (S 242,242,242) (S 241,241,241) (S 181,181,181) (S 204,204,204) (S 178,178,178) (S 179,179,179) (S 1251,824,223) (S 1253,102,824) (S 791,612,611) (S 790,611,612) (S 323,323,323) (S 223,223,223) (S 62,62,62) (S 1052,729,730) (S 1053,730,729) (S 1250,223,824) (S 1252,824,102) (S 102,102,102) (S 514,452,453) (S 515,453,452) (S 1249,452,729) (S 1248,729,452) (S 331,331,331) (S 248,248,248) (S 1075,742,249) (S 1074,249,742) (S 250,250,250) (S 249,249,249) (S 219,219,219) (S 273,273,273) (S 232,232,232) (S 218,218,218) (S 217,217,217) (S 133,133,133) (D 0,1,1)
