19202
8
17727300
20922900
0 1 1 1618 2008 7  (D 0,1,1) (S 1,2,2) (S 22,7,12) (S 38,15,19) (S 7,15,15) (S 20,6,2) (D 0,1,1)
0 1 2 1308 2435 9  (D 0,1,1) (S 12,2,1) (S 6,11,11) (S 29,12,7) (S 21,7,2) (S 15,3,8) (S 32,13,14) (S 31,13,12) (D 0,1,1)
0 1 3 1327 2513 9  (D 0,1,1) (S 45,19,18) (S 42,18,11) (S 43,18,19) (S 36,15,12) (S 30,12,11) (S 28,11,12) (S 13,2,6) (D 0,1,1)
0 1 4 1679 2663 7  (D 0,1,1) (S 9,17,17) (S 41,17,14) (S 35,14,13) (S 48,21,20) (S 47,20,19) (D 0,1,1)
0 1 5 1330 2024 8  (D 0,1,1) (S 14,3,4) (S 17,4,5) (S 3,5,5) (S 19,5,10) (S 26,10,5) (S 16,4,3) (D 0,1,1)
0 1 6 1680 2595 8  (D 0,1,1) (S 10,19,19) (S 46,19,20) (S 40,16,17) (S 11,21,21) (S 34,14,10) (S 18,5,4) (D 0,1,1)
0 1 7 1543 2517 8  (D 0,1,1) (S 2,4,4) (S 4,8,8) (S 23,8,7) (S 39,16,15) (S 44,19,15) (S 37,15,16) (D 0,1,1)
0 1 8 1671 2447 8  (D 0,1,1) (S 5,10,10) (S 27,10,9) (S 25,9,8) (S 24,8,13) (S 33,13,16) (S 8,16,16) (D 0,1,1)
