1188
6
22172200
34141800
0 1 1 84 149 11  (D 0,1,1) (S 28,40,40) (S 79,1,11) (S 7,11,11) (S 9,15,15) (S 42,16,10) (S 6,10,10) (S 41,10,16) (S 75,15,9) (S 5,9,9) (D 0,1,1)
0 1 2 84 180 12  (D 0,1,1) (S 37,1,8) (S 4,8,8) (S 38,8,1) (S 85,35,34) (S 22,33,33) (S 63,26,27) (S 77,27,28) (S 24,35,35) (S 87,35,36) (S 69,36,29) (D 0,1,1)
0 1 3 129 212 16  (D 0,1,1) (S 1,2,2) (S 78,35,28) (S 18,28,28) (S 17,27,27) (S 23,34,34) (S 16,26,26) (S 43,26,33) (S 44,33,26) (S 65,33,1) (S 90,15,14) (S 80,14,8) (S 72,8,9) (S 83,9,10) (S 55,1,2) (D 0,1,1)
0 1 4 103 183 19  (D 0,1,1) (S 35,3,37) (S 49,37,38) (S 32,38,4) (S 31,4,38) (S 50,38,37) (S 62,37,30) (S 19,30,30) (S 88,30,37) (S 68,37,31) (S 20,31,31) (S 59,31,37) (S 73,30,29) (S 66,29,36) (S 25,36,36) (S 26,37,37) (S 36,37,3) (S 74,3,4) (D 0,1,1)
0 1 5 124 244 22  (D 0,1,1) (S 2,6,6) (S 84,12,13) (S 39,13,19) (S 40,19,13) (S 56,13,12) (S 71,12,17) (S 13,22,22) (S 29,4,5) (S 82,5,39) (S 27,39,39) (S 64,39,32) (S 21,32,32) (S 76,39,5) (S 30,5,4) (S 86,4,3) (S 61,3,2) (S 89,2,6) (S 57,12,11) (S 52,12,6) (S 51,6,12) (D 0,1,1)
0 1 6 128 220 22  (D 0,1,1) (S 45,7,13) (S 11,18,18) (S 53,18,22) (S 58,25,22) (S 54,22,18) (S 81,25,24) (S 15,24,24) (S 12,21,21) (S 33,21,24) (S 34,24,21) (S 60,21,20) (S 14,23,23) (S 70,20,23) (S 67,20,17) (S 10,17,17) (S 8,13,13) (S 46,13,7) (S 48,7,3) (S 47,3,7) (S 3,7,7) (D 0,1,1)
