1532
6
181853800
219679900
0 1 1 104 213 15  (D 0,1,1) (S 1,2,2) (S 29,14,8) (S 28,8,14) (S 11,20,20) (S 40,20,26) (S 41,26,20) (S 56,26,25) (S 72,25,29) (S 16,29,29) (S 85,30,31) (S 68,31,30) (S 48,31,26) (S 92,27,32) (D 0,1,1)
0 1 2 118 260 17  (D 0,1,1) (S 32,3,10) (S 33,10,3) (S 65,3,4) (S 31,10,4) (S 63,4,5) (S 46,5,11) (S 50,10,16) (S 10,16,16) (S 89,17,11) (S 37,11,10) (S 74,17,24) (S 13,24,24) (S 22,24,34) (S 78,33,32) (S 18,32,32) (D 0,1,1)
0 1 3 129 268 18  (D 0,1,1) (S 8,13,13) (S 54,13,2) (S 93,2,13) (S 57,13,7) (S 4,7,7) (S 3,6,6) (S 86,6,12) (S 81,12,6) (S 20,6,18) (S 75,18,19) (S 91,19,25) (S 61,25,30) (S 17,30,30) (S 44,31,32) (S 14,27,27) (S 58,14,15) (D 0,1,1)
0 1 4 126 267 18  (D 0,1,1) (S 36,10,11) (S 6,11,11) (S 80,11,4) (S 88,4,11) (S 66,16,15) (S 9,15,15) (S 42,22,28) (S 24,28,33) (S 25,33,28) (S 55,34,33) (S 19,33,33) (S 23,34,24) (S 47,24,23) (S 77,23,24) (S 39,23,22) (S 38,22,23) (D 0,1,1)
0 1 5 119 289 18  (D 0,1,1) (S 45,13,19) (S 21,18,6) (S 90,6,1) (S 7,12,12) (S 35,19,12) (S 60,19,18) (S 70,18,29) (S 43,25,26) (S 82,26,27) (S 26,8,9) (S 73,9,3) (S 83,3,9) (S 5,9,9) (S 27,9,8) (S 79,8,2) (S 67,3,2) (D 0,1,1)
0 1 6 117 235 19  (D 0,1,1) (S 2,4,4) (S 30,4,10) (S 71,16,23) (S 84,23,28) (S 15,28,28) (S 51,28,23) (S 59,22,21) (S 12,21,21) (S 69,22,15) (S 62,15,14) (S 49,14,20) (S 53,20,19) (S 64,19,13) (S 76,13,12) (S 34,12,19) (S 52,19,20) (S 87,20,21) (D 0,1,1)
