881
6
73088400
92565600
0 1 1 56 98 11  (D 0,1,1) (S 1,2,2) (S 47,2,7) (S 84,7,13) (S 9,13,13) (S 8,11,11) (S 97,19,26) (S 67,26,18) (S 112,18,26) (S 66,26,29) (D 0,1,1)
0 1 2 71 147 13  (D 0,1,1) (S 4,7,7) (S 50,8,14) (S 56,15,16) (S 68,24,32) (S 34,32,37) (S 77,37,38) (S 22,38,38) (S 81,38,28) (S 110,28,38) (S 79,43,45) (S 27,45,45) (D 0,1,1)
0 1 3 75 138 12  (D 0,1,1) (S 40,12,20) (S 54,20,21) (S 14,21,21) (S 17,27,27) (S 108,35,41) (S 111,41,49) (S 31,49,49) (S 76,49,41) (S 80,41,48) (S 30,48,48) (D 0,1,1)
0 1 4 75 207 15  (D 0,1,1) (S 43,2,3) (S 55,3,9) (S 51,9,10) (S 7,10,10) (S 44,9,15) (S 59,31,22) (S 102,22,31) (S 109,31,32) (S 2,3,3) (S 6,9,9) (S 113,42,44) (S 11,16,16) (S 39,13,21) (D 0,1,1)
0 1 5 74 151 14  (D 0,1,1) (S 10,14,14) (S 71,16,9) (S 78,9,16) (S 33,15,23) (S 15,23,23) (S 72,22,21) (S 53,27,30) (S 20,34,34) (S 38,33,40) (S 83,47,40) (S 23,40,40) (S 18,30,30) (D 0,1,1)
0 1 6 74 140 15  (D 0,1,1) (S 60,6,12) (S 92,12,11) (S 65,11,5) (S 3,5,5) (S 58,5,6) (S 104,6,7) (S 95,6,1) (S 99,1,6) (S 69,6,13) (S 101,13,7) (S 91,7,8) (S 73,8,7) (S 5,8,8) (D 0,1,1)
