907
7
3662200
4702900
0 1 1 24 0 3  (D 0,1,1) (S 1,2,2) (D 0,1,1)
0 1 2 34 102 5  (D 0,1,1) (S 7,1,3) (S 3,4,4) (S 12,1,2) (D 0,1,1)
0 1 3 35 193 6  (D 0,1,1) (S 13,8,9) (S 9,8,12) (S 10,11,12) (S 6,12,12) (D 0,1,1)
0 1 4 26 176 5  (D 0,1,1) (S 17,4,10) (S 14,10,11) (S 16,6,12) (D 0,1,1)
0 1 5 33 133 5  (D 0,1,1) (S 18,6,10) (S 4,5,5) (S 20,2,8) (D 0,1,1)
0 1 6 28 151 6  (D 0,1,1) (S 15,7,9) (S 5,9,9) (S 11,2,3) (S 2,3,3) (D 0,1,1)
0 1 7 32 152 5  (D 0,1,1) (S 19,1,4) (S 8,4,11) (S 21,11,13) (D 0,1,1)
