482
6
6192900
7542600
0 1 1 2 0 3  (D 0,1,1) (S 1,2,2) (D 0,1,1)
0 1 2 5 54 7  (D 0,1,1) (S 8,12,6) (S 7,6,12) (S 6,12,12) (S 2,4,4) (S 13,1,9) (D 0,1,1)
0 1 3 5 115 7  (D 0,1,1) (S 10,4,3) (S 27,5,12) (S 19,7,12) (S 26,6,8) (S 28,8,10) (D 0,1,1)
0 1 4 5 98 7  (D 0,1,1) (S 17,2,3) (S 22,3,5) (S 18,5,11) (S 12,11,9) (S 29,9,10) (D 0,1,1)
0 1 5 5 115 7  (D 0,1,1) (S 20,1,10) (S 21,10,11) (S 3,5,5) (S 9,3,4) (S 15,4,12) (D 0,1,1)
0 1 6 5 100 7  (D 0,1,1) (S 24,1,7) (S 25,7,10) (S 16,8,11) (S 5,7,7) (S 4,6,6) (D 0,1,1)
