1592
7
133674600
148771900
0 1 1 95 157 20  (D 0,1,1) (S 2,10,10) (S 99,11,6) (S 27,6,7) (S 42,7,4) (S 128,4,3) (S 137,3,4) (S 41,4,7) (S 104,7,12) (S 3,12,12) (S 52,12,11) (S 125,11,10) (S 86,10,5) (S 89,3,6) (S 131,6,11) (S 51,11,12) (S 28,7,6) (S 76,6,5) (S 91,2,3) (D 0,1,1)
0 1 2 139 216 20  (D 0,1,1) (S 105,5,1) (S 59,1,10) (S 139,11,18) (S 100,18,17) (S 65,17,31) (S 82,32,19) (S 97,19,18) (S 9,19,19) (S 81,19,32) (S 93,32,31) (S 35,31,39) (S 36,39,31) (S 73,32,40) (S 69,40,47) (S 68,47,39) (S 146,39,40) (S 74,40,32) (S 19,31,31) (D 0,1,1)
0 1 3 137 245 22  (D 0,1,1) (S 8,18,18) (S 66,31,17) (S 108,30,17) (S 98,17,30) (S 53,38,39) (S 67,39,47) (S 70,47,40) (S 109,40,39) (S 54,39,38) (S 83,38,46) (S 84,46,38) (S 103,46,45) (S 32,44,37) (S 80,44,36) (S 134,36,28) (S 150,28,36) (S 129,36,38) (S 94,29,24) (S 107,23,15) (S 6,15,15) (D 0,1,1)
0 1 4 140 253 23  (D 0,1,1) (S 49,1,16) (S 34,16,15) (S 148,23,24) (S 88,24,17) (S 87,17,24) (S 140,24,23) (S 122,23,22) (S 90,21,26) (S 136,26,27) (S 124,27,28) (S 78,28,22) (S 111,13,8) (S 149,8,13) (S 45,13,22) (S 141,21,22) (S 46,22,13) (S 123,13,9) (S 117,14,22) (S 77,22,28) (S 127,26,34) (S 23,42,42) (D 0,1,1)
0 1 5 139 251 25  (D 0,1,1) (S 40,9,8) (S 39,8,9) (S 102,14,23) (S 15,27,27) (S 79,36,44) (S 126,44,43) (S 95,43,42) (S 24,43,43) (S 37,43,48) (S 44,48,45) (S 143,49,45) (S 119,50,45) (S 115,45,49) (S 25,48,48) (S 113,49,50) (S 132,50,46) (S 114,45,46) (S 18,30,30) (S 92,30,39) (S 7,16,16) (S 116,1,5) (S 101,2,5) (S 1,5,5) (D 0,1,1)
0 1 6 139 248 27  (D 0,1,1) (S 33,15,16) (S 50,16,1) (S 147,23,29) (S 17,29,29) (S 135,29,23) (S 133,23,14) (S 56,14,9) (S 30,9,1) (S 118,1,15) (S 96,15,24) (S 138,24,29) (S 22,37,37) (S 31,37,44) (S 57,44,45) (S 58,45,44) (S 112,45,50) (S 26,50,50) (S 43,45,48) (S 38,48,43) (S 142,43,35) (S 145,36,35) (S 14,25,25) (S 11,21,21) (S 4,13,13) (S 12,22,22) (D 0,1,1)
0 1 7 136 222 27  (D 0,1,1) (S 75,5,6) (S 85,5,10) (S 60,10,1) (S 130,15,23) (S 29,1,9) (S 55,9,14) (S 5,14,14) (S 13,23,23) (S 16,28,28) (S 120,27,26) (S 72,35,34) (S 20,34,34) (S 47,33,34) (S 48,34,33) (S 64,33,25) (S 121,25,20) (S 10,20,20) (S 144,20,25) (S 63,25,33) (S 61,33,41) (S 62,41,33) (S 106,41,42) (S 110,42,34) (S 71,34,35) (S 21,35,35) (D 0,1,1)
