844
7
6275700
7799200
0 1 1 40 102 7  (D 0,1,1) (S 7,9,9) (S 32,10,20) (S 14,23,23) (S 11,20,20) (S 12,21,21) (D 0,1,1)
0 1 2 40 111 8  (D 0,1,1) (S 22,2,1) (S 21,1,2) (S 18,4,3) (S 2,3,3) (S 1,2,2) (S 13,22,22) (D 0,1,1)
0 1 3 40 136 8  (D 0,1,1) (S 31,12,6) (S 5,6,6) (S 6,7,7) (S 16,18,17) (S 50,13,17) (S 49,16,15) (D 0,1,1)
0 1 4 40 85 7  (D 0,1,1) (S 45,1,3) (S 25,9,10) (S 26,10,9) (S 48,9,3) (S 17,3,4) (D 0,1,1)
0 1 5 40 167 8  (D 0,1,1) (S 29,12,13) (S 30,13,12) (S 43,12,11) (S 46,24,21) (S 37,24,23) (S 33,23,22) (D 0,1,1)
0 1 6 39 120 8  (D 0,1,1) (S 40,11,10) (S 51,10,11) (S 38,15,21) (S 24,21,20) (S 23,20,21) (S 34,21,15) (D 0,1,1)
0 1 7 39 123 10  (D 0,1,1) (S 15,17,18) (S 42,18,14) (S 8,14,14) (S 20,14,8) (S 36,8,7) (S 19,8,14) (S 39,14,18) (S 47,17,13) (D 0,1,1)
