657
6
47640600
64438300
0 1 1 49 105 8  (D 0,1,1) (S 26,2,8) (S 6,8,8) (S 30,9,13) (S 45,13,12) (S 9,12,12) (S 50,18,21) (D 0,1,1)
0 1 2 50 125 10  (D 0,1,1) (S 1,2,2) (S 54,3,2) (S 34,2,1) (S 4,5,5) (S 43,1,30) (S 37,1,2) (S 33,21,22) (S 7,10,10) (D 0,1,1)
0 1 3 45 111 9  (D 0,1,1) (S 58,30,29) (S 60,29,30) (S 61,30,1) (S 46,7,8) (S 25,8,9) (S 49,9,4) (S 3,4,4) (D 0,1,1)
0 1 4 50 104 11  (D 0,1,1) (S 31,1,31) (S 18,23,24) (S 27,24,27) (S 28,27,29) (S 63,29,28) (S 21,26,27) (S 22,29,31) (S 48,31,5) (S 16,28,28) (D 0,1,1)
0 1 5 45 98 11  (D 0,1,1) (S 5,6,6) (S 55,6,5) (S 36,10,16) (S 10,15,15) (S 65,15,14) (S 57,14,15) (S 35,14,10) (S 53,10,5) (S 40,5,31) (D 0,1,1)
0 1 6 50 114 11  (D 0,1,1) (S 64,16,17) (S 11,17,17) (S 41,17,11) (S 38,11,12) (S 62,12,18) (S 44,18,19) (S 24,19,21) (S 12,18,18) (S 47,12,13) (D 0,1,1)
