1131
9
97997200
114628700
0 1 1 67 115 12  (D 0,1,1) (S 48,5,10) (S 49,10,5) (S 106,10,17) (S 14,17,17) (S 117,19,32) (S 110,32,31) (S 26,32,32) (S 45,40,32) (S 44,32,40) (S 25,31,31) (D 0,1,1)
0 1 2 70 135 14  (D 0,1,1) (S 7,9,9) (S 81,14,9) (S 80,9,14) (S 12,15,15) (S 79,24,17) (S 78,17,24) (S 132,24,29) (S 75,24,15) (S 96,15,16) (S 112,16,15) (S 124,15,23) (S 138,36,38) (D 0,1,1)
0 1 3 68 116 13  (D 0,1,1) (S 10,13,13) (S 134,13,22) (S 53,22,21) (S 16,20,20) (S 52,21,22) (S 17,22,22) (S 95,22,14) (S 93,14,22) (S 43,5,2) (S 42,2,5) (S 3,5,5) (D 0,1,1)
0 1 4 70 139 15  (D 0,1,1) (S 77,26,21) (S 76,21,26) (S 20,26,26) (S 119,33,34) (S 28,34,34) (S 33,42,42) (S 32,41,41) (S 27,33,33) (S 125,33,25) (S 102,25,26) (S 105,26,25) (S 67,36,35) (S 126,38,36) (D 0,1,1)
0 1 5 62 99 14  (D 0,1,1) (S 8,10,10) (S 118,10,11) (S 90,11,12) (S 9,12,12) (S 40,12,19) (S 41,19,12) (S 104,12,7) (S 63,7,4) (S 127,4,3) (S 62,4,7) (S 5,7,7) (S 1,2,2) (D 0,1,1)
0 1 6 70 128 14  (D 0,1,1) (S 121,23,29) (S 58,30,38) (S 59,38,30) (S 113,39,31) (S 94,31,39) (S 31,39,39) (S 123,39,47) (S 37,47,47) (S 101,47,39) (S 122,39,30) (S 89,30,17) (S 92,17,10) (D 0,1,1)
0 1 7 68 115 15  (D 0,1,1) (S 4,6,6) (S 109,6,11) (S 60,11,18) (S 61,18,11) (S 116,11,6) (S 115,6,5) (S 98,5,1) (S 100,1,5) (S 111,1,16) (S 108,16,17) (S 71,18,17) (S 70,17,18) (S 15,18,18) (D 0,1,1)
0 1 8 68 136 15  (D 0,1,1) (S 56,28,29) (S 128,37,38) (S 54,38,46) (S 65,50,46) (S 64,46,50) (S 47,50,45) (S 88,45,44) (S 35,44,44) (S 34,43,43) (S 84,37,29) (S 120,29,23) (S 137,23,24) (S 19,24,24) (D 0,1,1)
0 1 9 66 148 16  (D 0,1,1) (S 2,3,3) (S 135,3,2) (S 13,16,16) (S 74,15,24) (S 85,24,30) (S 24,30,30) (S 57,29,28) (S 83,28,23) (S 82,23,28) (S 21,27,27) (S 6,8,8) (S 91,8,13) (S 136,25,20) (S 97,25,33) (D 0,1,1)
