745
7
2643500
3605200
0 1 1 23 0 3  (D 0,1,1) (S 1,2,2) (D 0,1,1)
0 1 2 31 84 3  (D 0,1,1) (S 3,4,4) (D 0,1,1)
0 1 3 33 144 6  (D 0,1,1) (S 21,1,5) (S 14,4,5) (S 8,10,10) (S 5,7,7) (D 0,1,1)
0 1 4 33 124 5  (D 0,1,1) (S 16,4,10) (S 11,5,10) (S 4,6,6) (D 0,1,1)
0 1 5 27 109 5  (D 0,1,1) (S 20,2,6) (S 2,3,3) (S 15,2,8) (D 0,1,1)
0 1 6 34 126 6  (D 0,1,1) (S 12,2,3) (S 17,3,6) (S 18,6,12) (S 10,12,12) (D 0,1,1)
0 1 7 31 158 7  (D 0,1,1) (S 19,8,9) (S 9,11,11) (S 13,11,13) (S 7,9,9) (S 6,8,8) (D 0,1,1)
