1008
6
319025800
379092200
0 1 1 56 154 12  (D 0,1,1) (S 66,25,17) (S 135,17,10) (S 109,10,17) (S 65,17,25) (S 148,28,38) (S 117,38,28) (S 80,28,25) (S 79,25,28) (S 20,28,28) (S 23,32,32) (D 0,1,1)
0 1 2 75 176 14  (D 0,1,1) (S 16,21,21) (S 44,21,20) (S 15,20,20) (S 43,20,21) (S 49,21,27) (S 50,27,21) (S 64,21,13) (S 147,12,11) (S 94,11,5) (S 71,5,6) (S 150,6,1) (S 133,48,41) (D 0,1,1)
0 1 3 75 181 15  (D 0,1,1) (S 39,8,14) (S 85,15,16) (S 95,16,9) (S 59,9,15) (S 60,15,9) (S 51,9,10) (S 52,10,9) (S 121,9,16) (S 11,15,15) (S 40,14,8) (S 131,8,9) (S 124,45,43) (S 105,26,30) (D 0,1,1)
0 1 4 75 155 13  (D 0,1,1) (S 89,13,14) (S 90,14,13) (S 143,12,13) (S 63,13,21) (S 47,27,35) (S 25,35,35) (S 48,35,27) (S 77,27,30) (S 78,30,27) (S 57,27,31) (S 130,31,32) (D 0,1,1)
0 1 5 74 169 15  (D 0,1,1) (S 55,16,17) (S 56,17,16) (S 136,24,32) (S 120,32,38) (S 81,38,43) (S 144,43,50) (S 70,50,44) (S 93,44,42) (S 97,42,36) (S 19,26,26) (S 7,11,11) (S 8,12,12) (S 104,13,12) (D 0,1,1)
0 1 6 75 173 17  (D 0,1,1) (S 53,11,19) (S 62,19,18) (S 13,18,18) (S 41,26,34) (S 112,47,46) (S 100,46,47) (S 30,47,47) (S 31,48,48) (S 98,41,49) (S 32,49,49) (S 28,44,44) (S 69,44,50) (S 134,50,43) (S 128,43,42) (S 129,42,44) (D 0,1,1)
