168807
16
26604386800
122265461300
0 1 1 4461 6097 29  (D 0,1,1) (S 359,353,352) (S 477,411,346) (S 479,412,39) (S 490,39,416) (S 492,415,376) (S 401,376,375) (S 400,375,376) (S 539,437,16) (S 538,16,437) (S 485,375,413) (S 484,413,375) (S 486,375,414) (S 487,414,375) (S 493,376,415) (S 902,641,642) (S 744,554,555) (S 745,555,554) (S 746,556,304) (S 865,617,616) (S 864,616,617) (S 141,141,141) (S 304,304,304) (S 747,304,556) (S 903,642,641) (S 313,313,313) (S 116,116,116) (S 117,117,117) (D 0,1,1)
0 1 2 7223 9853 33  (D 0,1,1) (S 17,17,17) (S 342,340,341) (S 344,341,342) (S 409,367,340) (S 453,399,341) (S 452,341,399) (S 347,343,342) (S 346,342,343) (S 345,342,341) (S 343,341,340) (S 412,10,381) (S 283,283,283) (S 6,6,6) (S 8,8,8) (S 382,366,8) (S 383,8,366) (S 402,377,378) (S 403,378,377) (S 404,379,380) (S 381,366,344) (S 392,344,370) (S 396,372,373) (S 398,373,374) (S 399,374,373) (S 435,391,373) (S 434,373,391) (S 397,373,372) (S 537,436,372) (S 536,372,436) (S 15,15,15) (S 405,380,379) (D 0,1,1)
0 1 3 6398 10281 35  (D 0,1,1) (S 99,99,99) (S 823,596,595) (S 822,595,596) (S 684,526,527) (S 685,527,526) (S 825,526,596) (S 824,596,526) (S 776,571,541) (S 808,586,588) (S 311,311,311) (S 806,586,587) (S 807,587,586) (S 809,588,586) (S 715,542,541) (S 779,492,541) (S 778,541,492) (S 629,492,491) (S 628,491,492) (S 805,585,572) (S 804,572,585) (S 781,572,492) (S 780,492,572) (S 777,541,571) (S 835,530,529) (S 894,147,636) (S 866,618,619) (S 877,625,619) (S 876,619,625) (S 867,619,618) (S 895,636,147) (S 147,147,147) (S 881,628,627) (S 879,626,620) (D 0,1,1)
0 1 4 5459 7803 33  (D 0,1,1) (S 474,353,346) (S 491,416,39) (S 505,43,420) (S 504,420,43) (S 509,422,360) (S 507,360,421) (S 506,421,360) (S 508,360,422) (S 370,360,361) (S 371,361,360) (S 586,462,463) (S 68,68,68) (S 481,40,412) (S 593,396,429) (S 782,508,431) (S 522,431,429) (S 893,635,634) (S 124,124,124) (S 273,273,273) (S 447,396,273) (S 898,470,639) (S 71,71,71) (S 60,60,60) (S 61,61,61) (S 360,352,354) (S 361,354,352) (S 581,459,458) (S 580,458,459) (S 288,288,288) (S 284,284,284) (S 62,62,62) (D 0,1,1)
0 1 5 8000 11297 36  (D 0,1,1) (S 24,24,24) (S 268,268,268) (S 86,86,86) (S 729,548,86) (S 731,549,548) (S 816,94,592) (S 775,497,501) (S 774,501,497) (S 759,563,502) (S 803,584,562) (S 756,562,502) (S 643,502,501) (S 758,502,563) (S 767,568,567) (S 763,565,564) (S 762,564,565) (S 761,564,563) (S 698,501,535) (S 703,537,535) (S 702,535,537) (S 701,536,535) (S 700,535,536) (S 699,535,501) (S 883,630,629) (S 882,629,630) (S 766,567,568) (S 760,563,564) (S 642,501,502) (S 757,502,562) (S 637,497,496) (S 636,496,497) (S 94,94,94) (S 1035,721,672) (S 125,125,125) (D 0,1,1)
0 1 6 7578 9374 38  (D 0,1,1) (S 358,352,353) (S 476,346,411) (S 478,39,412) (S 480,412,40) (S 592,429,396) (S 656,508,509) (S 519,429,428) (S 518,428,429) (S 523,429,431) (S 896,637,638) (S 892,634,635) (S 601,472,471) (S 600,471,472) (S 599,470,468) (S 598,468,470) (S 596,468,469) (S 282,282,282) (S 597,469,468) (S 899,639,470) (S 74,74,74) (S 517,428,427) (S 516,427,428) (S 520,428,430) (S 521,430,428) (S 603,425,473) (S 602,473,425) (S 515,426,425) (S 514,425,426) (S 55,55,55) (S 291,291,291) (S 446,273,396) (S 897,638,637) (S 308,308,308) (S 657,509,508) (S 73,73,73) (S 35,35,35) (D 0,1,1)
0 1 7 5324 8089 47  (D 0,1,1) (S 42,42,42) (S 52,52,52) (S 489,415,41) (S 595,467,466) (S 594,466,467) (S 81,81,81) (S 488,41,415) (S 573,453,452) (S 572,452,453) (S 286,286,286) (S 287,287,287) (S 565,287,275) (S 275,275,275) (S 564,275,287) (S 544,38,441) (S 545,441,38) (S 630,93,493) (S 631,493,93) (S 787,575,93) (S 786,93,575) (S 619,87,483) (S 727,547,546) (S 726,546,547) (S 111,111,111) (S 859,612,113) (S 858,113,612) (S 113,113,113) (S 88,88,88) (S 450,397,398) (S 451,398,397) (S 862,89,615) (S 89,89,89) (S 93,93,93) (S 76,76,76) (S 469,38,355) (S 611,478,477) (S 312,312,312) (S 455,400,5) (S 721,477,109) (S 109,109,109) (S 720,109,477) (S 454,5,400) (S 901,555,640) (S 84,84,84) (S 85,85,85) (D 0,1,1)
0 1 8 7114 9755 49  (D 0,1,1) (S 19,19,19) (S 18,18,18) (S 406,19,20) (S 438,393,394) (S 439,394,393) (S 441,393,20) (S 440,20,393) (S 444,385,395) (S 296,296,296) (S 92,92,92) (S 20,20,20) (S 407,20,19) (S 443,385,393) (S 442,393,385) (S 445,395,385) (S 423,385,29) (S 422,29,385) (S 421,384,29) (S 420,29,384) (S 29,29,29) (S 28,28,28) (S 408,340,367) (S 426,381,388) (S 290,290,290) (S 390,369,10) (S 590,9,369) (S 79,79,79) (S 10,10,10) (S 384,367,368) (S 417,368,23) (S 416,23,368) (S 386,368,296) (S 387,296,368) (S 385,368,367) (S 427,388,381) (S 413,381,10) (S 411,10,367) (S 410,367,10) (S 391,10,369) (S 591,369,9) (S 389,9,295) (S 374,295,363) (S 375,363,295) (S 388,295,9) (S 9,9,9) (S 295,295,295) (S 23,23,23) (D 0,1,1)
0 1 9 7176 10487 49  (D 0,1,1) (S 350,346,347) (S 587,463,462) (S 69,69,69) (S 43,43,43) (S 351,347,346) (S 1053,728,170) (S 974,683,684) (S 975,684,683) (S 1051,680,683) (S 1050,683,680) (S 1027,716,680) (S 1026,680,716) (S 971,682,681) (S 970,681,682) (S 969,681,680) (S 968,680,681) (S 235,235,235) (S 234,234,234) (S 321,321,321) (S 214,214,214) (S 928,657,658) (S 1044,241,725) (S 956,673,674) (S 957,674,673) (S 1047,673,725) (S 1046,725,673) (S 959,675,673) (S 958,673,675) (S 241,241,241) (S 161,161,161) (S 1017,711,163) (S 1016,163,711) (S 943,665,164) (S 942,164,665) (S 164,164,164) (S 163,163,163) (S 201,201,201) (S 233,233,233) (S 1038,722,321) (S 1039,321,722) (S 1043,235,724) (S 1042,724,235) (S 972,326,170) (S 326,326,326) (S 1052,170,728) (S 973,170,326) (S 170,170,170) (D 0,1,1)
0 1 10 7809 11009 52  (D 0,1,1) (S 39,39,39) (S 458,35,402) (S 459,402,35) (S 466,401,409) (S 467,409,401) (S 783,431,508) (S 72,72,72) (S 456,401,35) (S 543,440,439) (S 542,439,440) (S 54,54,54) (S 512,21,424) (S 886,80,631) (S 513,424,21) (S 887,631,80) (S 80,80,80) (S 21,21,21) (S 265,265,265) (S 670,494,517) (S 671,517,494) (S 672,518,519) (S 673,519,518) (S 711,539,519) (S 710,519,539) (S 674,519,520) (S 675,520,519) (S 797,581,539) (S 297,297,297) (S 632,494,495) (S 633,495,494) (S 719,544,517) (S 718,517,544) (S 712,539,540) (S 713,540,539) (S 796,539,581) (S 120,120,120) (S 75,75,75) (S 2,2,2) (S 4,4,4) (S 277,277,277) (S 365,355,339) (S 339,337,336) (S 338,336,337) (S 341,339,338) (S 340,338,339) (S 610,477,478) (S 5,5,5) (S 271,271,271) (S 262,262,262) (S 38,38,38) (D 0,1,1)
0 1 11 7979 10684 52  (D 0,1,1) (S 66,66,66) (S 500,287,386) (S 566,423,38) (S 843,301,605) (S 842,605,301) (S 900,640,555) (S 613,479,293) (S 612,293,479) (S 293,293,293) (S 728,86,548) (S 730,548,549) (S 801,583,550) (S 732,550,112) (S 733,112,550) (S 800,550,583) (S 634,94,496) (S 802,562,584) (S 755,115,561) (S 754,561,115) (S 765,566,560) (S 753,561,560) (S 752,560,561) (S 751,560,559) (S 750,559,560) (S 764,560,566) (S 115,115,115) (S 635,496,94) (S 817,592,94) (S 651,496,505) (S 791,576,504) (S 789,119,306) (S 788,306,119) (S 119,119,119) (S 97,97,97) (S 307,307,307) (S 653,307,505) (S 652,505,307) (S 95,95,95) (S 640,499,500) (S 641,500,499) (S 639,499,498) (S 638,498,499) (S 650,505,496) (S 790,504,576) (S 647,504,503) (S 646,503,504) (S 648,504,505) (S 649,505,504) (S 306,306,306) (S 118,118,118) (D 0,1,1)
0 1 12 6552 9270 54  (D 0,1,1) (S 1,1,1) (S 475,346,353) (S 579,457,456) (S 49,49,49) (S 278,278,278) (S 535,48,435) (S 534,435,48) (S 276,276,276) (S 48,48,48) (S 11,11,11) (S 355,350,349) (S 528,45,348) (S 415,382,348) (S 414,348,382) (S 266,266,266) (S 70,70,70) (S 78,78,78) (S 22,22,22) (S 337,67,267) (S 336,267,67) (S 67,67,67) (S 267,267,267) (S 56,56,56) (S 353,349,348) (S 428,389,279) (S 433,364,390) (S 432,390,364) (S 379,365,364) (S 378,364,365) (S 377,7,356) (S 12,12,12) (S 59,59,59) (S 429,279,389) (S 527,389,264) (S 526,264,389) (S 525,264,432) (S 553,446,445) (S 552,445,446) (S 524,432,264) (S 264,264,264) (S 366,356,357) (S 367,357,356) (S 376,356,7) (S 7,7,7) (S 279,279,279) (S 431,390,279) (S 430,279,390) (S 352,348,349) (S 502,349,419) (S 503,419,349) (S 529,348,45) (S 45,45,45) (D 0,1,1)
0 1 13 7200 9872 70  (D 0,1,1) (S 354,349,350) (S 559,27,285) (S 558,285,27) (S 27,27,27) (S 419,383,27) (S 418,27,383) (S 285,285,285) (S 560,27,417) (S 562,417,448) (S 82,82,82) (S 41,41,41) (S 495,41,417) (S 561,417,27) (S 563,448,417) (S 494,417,41) (S 549,444,443) (S 548,443,444) (S 499,287,418) (S 497,418,404) (S 496,404,418) (S 498,418,287) (S 461,404,403) (S 460,403,404) (S 36,36,36) (S 3,3,3) (S 362,4,339) (S 364,339,355) (S 274,274,274) (S 363,339,4) (S 571,451,4) (S 570,4,451) (S 468,355,38) (S 863,615,89) (S 620,484,485) (S 87,87,87) (S 449,397,262) (S 448,262,397) (S 742,553,86) (S 743,86,553) (S 860,613,614) (S 624,487,488) (S 627,490,489) (S 626,489,490) (S 625,488,487) (S 741,305,114) (S 114,114,114) (S 740,114,305) (S 305,305,305) (S 623,305,486) (S 818,486,593) (S 621,485,484) (S 107,107,107) (S 722,108,545) (S 723,545,108) (S 724,545,302) (S 303,303,303) (S 799,582,302) (S 798,302,582) (S 725,302,545) (S 302,302,302) (S 110,110,110) (S 463,406,405) (S 462,405,406) (S 589,465,464) (S 588,464,465) (S 77,77,77) (S 108,108,108) (S 140,140,140) (D 0,1,1)
0 1 14 7969 14486 76  (D 0,1,1) (S 1023,714,679) (S 1022,679,714) (S 967,679,678) (S 1025,715,679) (S 966,678,679) (S 1024,679,715) (S 965,678,677) (S 964,677,678) (S 168,168,168) (S 205,205,205) (S 220,220,220) (S 904,643,644) (S 950,644,166) (S 953,671,670) (S 212,212,212) (S 905,644,643) (S 1013,708,707) (S 1012,707,708) (S 960,157,676) (S 962,676,668) (S 963,668,676) (S 1031,718,676) (S 961,676,157) (S 1030,676,718) (S 949,669,668) (S 948,668,669) (S 952,670,671) (S 167,167,167) (S 324,324,324) (S 166,166,166) (S 951,166,644) (S 1049,727,726) (S 1048,726,727) (S 907,159,158) (S 906,158,159) (S 159,159,159) (S 158,158,158) (S 156,156,156) (S 157,157,157) (S 985,692,691) (S 984,691,692) (S 219,219,219) (S 203,203,203) (S 218,218,218) (S 226,226,226) (S 1018,712,202) (S 1019,202,712) (S 1020,202,713) (S 1021,713,202) (S 202,202,202) (S 217,217,217) (S 912,646,647) (S 913,647,646) (S 1015,710,709) (S 1014,709,710) (S 160,160,160) (S 322,322,322) (S 165,165,165) (S 911,646,645) (S 910,645,646) (S 211,211,211) (S 224,224,224) (S 329,329,329) (S 983,690,689) (S 982,689,690) (S 179,179,179) (S 332,332,332) (S 236,236,236) (S 207,207,207) (S 209,209,209) (S 208,208,208) (S 206,206,206) (S 58,58,58) (S 57,57,57) (D 0,1,1)
0 1 15 7828 13333 79  (D 0,1,1) (S 63,63,63) (S 133,133,133) (S 294,294,294) (S 151,151,151) (S 814,590,591) (S 815,591,590) (S 857,152,91) (S 91,91,91) (S 856,91,152) (S 152,152,152) (S 90,90,90) (S 132,132,132) (S 131,131,131) (S 855,611,610) (S 854,610,611) (S 139,139,139) (S 223,223,223) (S 228,228,228) (S 215,215,215) (S 213,213,213) (S 221,221,221) (S 230,230,230) (S 242,242,242) (S 229,229,229) (S 222,222,222) (S 173,173,173) (S 175,175,175) (S 176,176,176) (S 981,178,177) (S 980,177,178) (S 178,178,178) (S 177,177,177) (S 174,174,174) (S 130,130,130) (S 614,480,481) (S 615,481,480) (S 1037,650,656) (S 1036,656,650) (S 919,651,650) (S 918,650,651) (S 917,650,649) (S 317,317,317) (S 920,648,652) (S 922,652,653) (S 923,653,652) (S 925,654,652) (S 924,652,654) (S 921,652,648) (S 926,655,656) (S 927,656,655) (S 1029,717,649) (S 1028,649,717) (S 916,649,650) (S 915,648,480) (S 914,480,648) (S 292,292,292) (S 83,83,83) (S 128,128,128) (S 644,96,97) (S 645,97,96) (S 885,98,507) (S 98,98,98) (S 106,106,106) (S 96,96,96) (S 704,96,106) (S 705,106,96) (S 706,106,506) (S 794,579,580) (S 795,580,579) (S 871,318,579) (S 870,579,318) (S 318,318,318) (S 709,538,506) (S 708,506,538) (S 707,506,106) (S 812,127,126) (S 126,126,126) (D 0,1,1)
0 1 16 7967 17117 103  (D 0,1,1) (S 204,204,204) (S 333,333,333) (S 1004,702,703) (S 1006,704,195) (S 1007,195,704) (S 1009,705,199) (S 1008,199,705) (S 199,199,199) (S 330,330,330) (S 198,198,198) (S 331,331,331) (S 196,196,196) (S 197,197,197) (S 195,195,195) (S 1005,703,702) (S 1011,706,200) (S 1010,200,706) (S 200,200,200) (S 994,698,699) (S 1001,701,191) (S 192,192,192) (S 979,688,687) (S 978,687,688) (S 225,225,225) (S 169,169,169) (S 996,189,700) (S 999,190,700) (S 998,700,190) (S 216,216,216) (S 190,190,190) (S 189,189,189) (S 193,193,193) (S 210,210,210) (S 995,699,698) (S 1003,194,185) (S 1002,185,194) (S 194,194,194) (S 328,328,328) (S 186,186,186) (S 188,188,188) (S 187,187,187) (S 185,185,185) (S 184,184,184) (S 327,327,327) (S 183,183,183) (S 182,182,182) (S 1033,720,719) (S 1032,719,720) (S 997,700,189) (S 1000,191,701) (S 191,191,191) (S 227,227,227) (S 181,181,181) (S 987,693,180) (S 986,180,693) (S 988,693,694) (S 993,697,696) (S 992,696,697) (S 155,155,155) (S 991,695,694) (S 990,694,695) (S 989,694,693) (S 1055,244,335) (S 1054,335,244) (S 255,255,255) (S 245,245,245) (S 180,180,180) (S 323,323,323) (S 244,244,244) (S 248,248,248) (S 246,246,246) (S 247,247,247) (S 243,243,243) (S 260,260,260) (S 335,335,335) (S 250,250,250) (S 251,251,251) (S 334,334,334) (S 249,249,249) (S 259,259,259) (S 253,253,253) (S 252,252,252) (S 1060,731,732) (S 1061,732,731) (S 1063,733,731) (S 1062,731,733) (S 1059,731,730) (S 1058,730,731) (S 1057,729,254) (S 1056,254,729) (S 254,254,254) (S 977,686,685) (S 976,685,686) (S 172,172,172) (S 154,154,154) (S 256,256,256) (S 258,258,258) (S 261,261,261) (S 257,257,257) (S 171,171,171) (S 64,64,64) (D 0,1,1)
