1252
6
28371700
35627400
0 1 1 82 137 12  (D 0,1,1) (S 32,1,40) (S 55,1,11) (S 37,16,11) (S 36,11,16) (S 29,16,10) (S 28,10,16) (S 52,15,16) (S 53,16,15) (S 54,15,9) (S 7,9,9) (D 0,1,1)
0 1 2 82 153 13  (D 0,1,1) (S 26,1,10) (S 88,10,9) (S 6,8,8) (S 84,8,40) (S 33,40,1) (S 69,1,6) (S 91,6,7) (S 4,6,6) (S 93,6,2) (S 87,12,11) (S 8,11,11) (D 0,1,1)
0 1 3 126 209 18  (D 0,1,1) (S 73,2,36) (S 18,37,37) (S 82,37,31) (S 14,31,31) (S 39,31,30) (S 95,30,29) (S 61,29,36) (S 17,36,36) (S 23,35,1) (S 83,8,14) (S 70,14,8) (S 66,9,15) (S 10,15,15) (S 27,10,1) (S 99,1,2) (S 65,2,3) (D 0,1,1)
0 1 4 147 272 19  (D 0,1,1) (S 22,1,35) (S 76,35,34) (S 15,33,33) (S 57,26,27) (S 20,27,34) (S 21,34,27) (S 13,26,26) (S 48,26,33) (S 49,33,26) (S 60,33,34) (S 96,27,28) (S 72,28,35) (S 79,35,36) (S 90,36,35) (S 59,35,28) (S 86,28,27) (S 16,34,34) (D 0,1,1)
0 1 5 148 269 23  (D 0,1,1) (S 9,13,13) (S 81,13,12) (S 94,12,13) (S 11,18,18) (S 40,18,22) (S 58,25,22) (S 25,24,23) (S 24,23,24) (S 62,24,25) (S 41,22,18) (S 77,25,24) (S 43,24,21) (S 71,21,22) (S 42,21,24) (S 63,21,20) (S 64,20,23) (S 85,23,20) (S 78,20,17) (S 30,17,18) (S 31,18,17) (S 12,22,22) (D 0,1,1)
0 1 6 121 212 26  (D 0,1,1) (S 56,2,6) (S 80,12,17) (S 47,7,3) (S 34,3,37) (S 38,30,31) (S 68,31,37) (S 74,30,37) (S 51,38,4) (S 50,4,38) (S 35,37,3) (S 89,3,4) (S 3,5,5) (S 44,4,5) (S 67,32,31) (S 97,31,32) (S 92,32,39) (S 19,39,39) (S 75,39,5) (S 45,5,4) (S 98,4,3) (S 46,3,7) (S 5,7,7) (S 2,3,3) (S 1,2,2) (D 0,1,1)
