8285
7
410735500
604078200
0 1 1 305 1659 10  (D 0,1,1) (S 27,24,24) (S 29,29,29) (S 25,28,28) (S 61,32,35) (S 2,23,23) (S 87,4,69) (S 125,57,42) (S 124,56,55) (D 0,1,1)
0 1 2 294 1232 13  (D 0,1,1) (S 53,19,20) (S 104,20,19) (S 103,19,18) (S 102,18,15) (S 51,15,18) (S 52,18,19) (S 140,76,20) (S 40,19,19) (S 48,13,16) (S 47,12,16) (S 100,14,13) (D 0,1,1)
0 1 3 283 1206 11  (D 0,1,1) (S 36,69,69) (S 76,58,59) (S 136,69,58) (S 85,58,69) (S 44,4,5) (S 95,5,4) (S 94,4,2) (S 42,2,3) (S 122,52,50) (D 0,1,1)
0 1 4 270 934 12  (D 0,1,1) (S 9,50,50) (S 120,50,49) (S 24,58,58) (S 78,58,60) (S 80,60,62) (S 81,62,63) (S 82,63,65) (S 38,65,65) (S 14,63,63) (S 11,61,61) (D 0,1,1)
0 1 5 302 1478 12  (D 0,1,1) (S 116,46,44) (S 75,57,58) (S 133,65,63) (S 132,63,62) (S 131,62,60) (S 84,66,68) (S 135,68,66) (S 134,66,62) (S 83,62,66) (S 31,68,68) (D 0,1,1)
0 1 6 281 876 13  (D 0,1,1) (S 105,21,19) (S 54,19,21) (S 139,75,23) (S 57,23,31) (S 108,31,23) (S 88,23,75) (S 107,75,22) (S 106,22,21) (S 55,21,22) (S 21,22,22) (S 13,52,52) (D 0,1,1)
0 1 7 304 900 17  (D 0,1,1) (S 123,54,52) (S 121,51,49) (S 67,47,48) (S 7,48,48) (S 28,43,43) (S 113,41,35) (S 62,35,41) (S 23,41,41) (S 18,38,38) (S 20,39,39) (S 64,44,45) (S 6,45,45) (S 37,49,49) (S 69,49,50) (S 71,50,52) (D 0,1,1)
