1118
7
145159700
160079000
0 1 1 65 200 11  (D 0,1,1) (S 13,17,17) (S 23,17,22) (S 24,22,17) (S 60,17,13) (S 74,13,8) (S 5,8,8) (S 90,2,3) (S 85,9,15) (S 14,20,20) (D 0,1,1)
0 1 2 65 163 10  (D 0,1,1) (S 29,3,10) (S 35,10,19) (S 52,19,18) (S 36,19,10) (S 79,18,15) (S 59,15,9) (S 70,9,2) (S 80,14,13) (D 0,1,1)
0 1 3 54 136 9  (D 0,1,1) (S 50,2,1) (S 41,4,6) (S 78,6,11) (S 53,11,20) (S 69,20,16) (S 68,16,11) (S 8,11,11) (D 0,1,1)
0 1 4 65 192 11  (D 0,1,1) (S 18,26,26) (S 82,26,23) (S 93,23,22) (S 91,21,24) (S 34,28,24) (S 33,24,28) (S 20,28,28) (S 16,22,22) (S 88,20,21) (D 0,1,1)
0 1 5 64 128 12  (D 0,1,1) (S 3,6,6) (S 42,6,4) (S 67,4,7) (S 84,7,4) (S 65,4,5) (S 58,5,1) (S 57,1,5) (S 2,5,5) (S 49,1,2) (S 72,2,9) (D 0,1,1)
0 1 6 63 161 12  (D 0,1,1) (S 55,16,21) (S 39,21,28) (S 40,28,21) (S 81,21,29) (S 73,29,21) (S 15,21,21) (S 25,22,25) (S 28,30,26) (S 27,26,30) (S 76,23,18) (D 0,1,1)
0 1 7 65 138 13  (D 0,1,1) (S 44,15,14) (S 89,14,17) (S 22,30,30) (S 83,30,25) (S 17,25,25) (S 26,25,22) (S 62,22,29) (S 21,29,29) (S 63,29,22) (S 77,25,30) (S 51,18,19) (D 0,1,1)
