1276
9
119242000
131795200
0 1 1 65 144 10  (D 0,1,1) (S 33,3,10) (S 39,10,19) (S 58,19,18) (S 40,19,10) (S 66,10,9) (S 1,2,2) (S 43,14,15) (S 93,9,2) (D 0,1,1)
0 1 2 64 130 9  (D 0,1,1) (S 5,8,8) (S 51,7,8) (S 74,8,14) (S 68,14,8) (S 32,8,5) (S 28,5,1) (S 27,1,5) (D 0,1,1)
0 1 3 61 123 9  (D 0,1,1) (S 44,15,14) (S 86,14,17) (S 14,26,26) (S 79,26,23) (S 81,23,18) (S 75,18,15) (S 7,10,10) (D 0,1,1)
0 1 4 52 97 9  (D 0,1,1) (S 49,15,19) (S 57,18,19) (S 50,19,15) (S 59,15,9) (S 92,9,10) (S 34,10,3) (S 72,3,2) (D 0,1,1)
0 1 5 63 122 9  (D 0,1,1) (S 52,8,7) (S 70,7,6) (S 53,4,6) (S 3,6,6) (S 54,6,4) (S 64,4,5) (S 31,5,8) (D 0,1,1)
0 1 6 65 136 10  (D 0,1,1) (S 17,12,13) (S 18,13,12) (S 67,12,16) (S 10,17,17) (S 77,17,14) (S 69,14,13) (S 73,13,8) (S 20,8,1) (D 0,1,1)
0 1 7 65 191 12  (D 0,1,1) (S 13,22,22) (S 46,22,17) (S 45,17,22) (S 16,30,30) (S 61,23,22) (S 99,22,21) (S 22,21,16) (S 65,16,13) (S 87,13,16) (S 37,21,28) (D 0,1,1)
0 1 8 64 170 13  (D 0,1,1) (S 78,30,29) (S 95,29,21) (S 60,21,29) (S 91,29,28) (S 36,28,24) (S 29,24,27) (S 30,27,24) (S 35,24,28) (S 15,28,28) (S 12,21,21) (S 97,25,30) (D 0,1,1)
0 1 9 65 163 15  (D 0,1,1) (S 2,4,4) (S 4,7,7) (S 96,7,12) (S 90,12,11) (S 8,11,11) (S 23,11,20) (S 80,20,21) (S 84,21,22) (S 89,22,29) (S 76,29,22) (S 63,25,29) (S 83,29,30) (S 98,30,25) (D 0,1,1)
