1049
6
29433800
33679700
0 1 1 72 139 8  (D 0,1,1) (S 3,4,4) (S 2,3,3) (S 88,10,11) (S 9,11,11) (S 70,11,5) (S 4,5,5) (D 0,1,1)
0 1 2 74 152 10  (D 0,1,1) (S 5,6,6) (S 62,6,7) (S 92,7,6) (S 82,6,18) (S 15,18,18) (S 48,12,13) (S 27,14,8) (S 26,8,14) (D 0,1,1)
0 1 3 75 190 11  (D 0,1,1) (S 14,17,17) (S 47,17,16) (S 95,16,23) (S 63,24,34) (S 96,34,24) (S 66,24,11) (S 91,5,4) (S 94,4,3) (S 8,10,10) (D 0,1,1)
0 1 4 73 216 14  (D 0,1,1) (S 18,21,21) (S 30,21,27) (S 60,32,33) (S 61,33,32) (S 93,32,31) (S 39,31,26) (S 81,32,27) (S 31,27,21) (S 58,22,23) (S 67,22,28) (S 68,31,32) (S 59,23,22) (D 0,1,1)
0 1 5 73 176 13  (D 0,1,1) (S 74,1,7) (S 6,7,7) (S 49,13,12) (S 10,12,12) (S 20,25,25) (S 16,19,19) (S 36,19,25) (S 37,25,19) (S 76,19,18) (S 83,12,18) (S 72,13,7) (D 0,1,1)
0 1 6 74 176 14  (D 0,1,1) (S 34,23,28) (S 29,34,33) (S 28,33,34) (S 25,34,34) (S 23,28,28) (S 52,28,33) (S 53,33,28) (S 86,28,27) (S 80,27,28) (S 35,28,23) (S 40,23,24) (S 19,24,24) (D 0,1,1)
