909
7
336003300
393473600
0 1 1 39 58 9  (D 0,1,1) (S 113,2,3) (S 2,3,3) (S 3,4,4) (S 6,7,7) (S 4,5,5) (S 121,5,6) (S 1,2,2) (D 0,1,1)
0 1 2 69 124 11  (D 0,1,1) (S 10,11,11) (S 95,11,6) (S 5,6,6) (S 68,6,3) (S 67,3,6) (S 89,11,12) (S 11,12,12) (S 94,19,32) (S 57,32,40) (D 0,1,1)
0 1 3 64 124 13  (D 0,1,1) (S 8,9,9) (S 45,9,14) (S 75,1,15) (S 76,15,1) (S 109,16,15) (S 98,15,16) (S 108,16,1) (S 97,1,16) (S 15,16,16) (S 64,18,17) (S 63,17,18) (D 0,1,1)
0 1 4 64 126 13  (D 0,1,1) (S 13,14,14) (S 114,14,22) (S 84,22,14) (S 46,14,9) (S 12,13,13) (S 120,13,8) (S 7,8,8) (S 117,20,25) (S 20,25,25) (S 79,25,33) (S 27,33,33) (D 0,1,1)
0 1 5 70 177 17  (D 0,1,1) (S 18,22,22) (S 93,22,13) (S 74,21,13) (S 73,13,21) (S 48,21,20) (S 47,20,21) (S 17,21,21) (S 53,26,27) (S 54,27,26) (S 61,26,34) (S 62,34,26) (S 102,26,25) (S 115,32,31) (S 32,41,41) (S 21,27,27) (D 0,1,1)
0 1 6 69 137 14  (D 0,1,1) (S 65,17,24) (S 78,37,29) (S 103,29,23) (S 106,23,15) (S 22,28,28) (S 60,28,23) (S 91,23,24) (S 19,24,24) (S 66,24,17) (S 112,31,39) (S 24,30,30) (S 82,30,39) (D 0,1,1)
0 1 7 69 163 15  (D 0,1,1) (S 110,35,43) (S 40,43,42) (S 39,42,43) (S 83,43,48) (S 37,48,48) (S 44,50,45) (S 43,45,50) (S 119,49,48) (S 118,49,50) (S 104,50,49) (S 38,49,49) (S 34,44,44) (S 33,43,43) (D 0,1,1)
