1182
7
116158500
142985200
0 1 1 70 146 11  (D 0,1,1) (S 31,13,19) (S 12,19,19) (S 49,19,25) (S 51,25,26) (S 85,26,20) (S 106,20,19) (S 32,19,13) (S 88,13,7) (S 5,7,7) (D 0,1,1)
0 1 2 74 167 11  (D 0,1,1) (S 45,2,13) (S 46,13,2) (S 77,1,7) (S 63,7,6) (S 94,6,7) (S 76,7,13) (S 41,13,14) (S 42,14,13) (S 30,13,12) (D 0,1,1)
0 1 3 75 151 11  (D 0,1,1) (S 56,10,4) (S 3,4,4) (S 75,3,10) (S 28,16,10) (S 73,10,11) (S 9,11,11) (S 74,5,4) (S 55,4,10) (S 67,3,2) (D 0,1,1)
0 1 4 75 179 14  (D 0,1,1) (S 13,21,21) (S 59,21,22) (S 61,22,23) (S 14,24,24) (S 58,24,23) (S 57,23,24) (S 60,22,21) (S 93,21,20) (S 11,14,14) (S 6,8,8) (S 15,26,26) (S 105,21,15) (D 0,1,1)
0 1 5 72 193 13  (D 0,1,1) (S 26,15,14) (S 101,20,26) (S 39,26,31) (S 44,31,30) (S 43,30,31) (S 95,31,32) (S 20,32,32) (S 40,31,26) (S 91,32,27) (S 16,27,27) (S 22,34,34) (D 0,1,1)
0 1 6 73 171 13  (D 0,1,1) (S 53,6,12) (S 65,18,29) (S 18,29,29) (S 23,29,30) (S 24,30,29) (S 70,29,25) (S 83,25,30) (S 19,30,30) (S 50,25,19) (S 90,19,20) (S 104,20,14) (D 0,1,1)
0 1 7 74 175 15  (D 0,1,1) (S 7,9,9) (S 8,10,10) (S 2,3,3) (S 66,3,4) (S 27,10,16) (S 33,16,17) (S 72,17,11) (S 86,11,5) (S 81,5,11) (S 78,11,17) (S 34,17,16) (S 82,16,15) (S 96,15,21) (D 0,1,1)
