1464
6
29516700
37261000
0 1 1 110 205 14  (D 0,1,1) (S 41,2,8) (S 77,9,3) (S 3,4,4) (S 51,5,11) (S 52,11,5) (S 59,11,10) (S 85,10,4) (S 66,1,7) (S 42,8,2) (S 93,7,13) (S 9,13,13) (S 88,7,8) (D 0,1,1)
0 1 2 129 262 16  (D 0,1,1) (S 15,19,19) (S 33,27,32) (S 34,32,27) (S 65,32,31) (S 27,35,35) (S 28,36,36) (S 74,36,39) (S 31,39,39) (S 38,39,35) (S 68,35,31) (S 46,31,30) (S 82,30,24) (S 71,25,15) (S 87,23,13) (D 0,1,1)
0 1 3 115 190 17  (D 0,1,1) (S 5,7,7) (S 60,8,9) (S 61,9,14) (S 10,14,14) (S 81,14,13) (S 76,13,23) (S 19,23,23) (S 6,10,10) (S 4,6,6) (S 84,6,12) (S 8,12,12) (S 67,11,16) (S 63,16,15) (S 11,15,15) (S 2,3,3) (D 0,1,1)
0 1 4 129 255 19  (D 0,1,1) (S 20,24,24) (S 55,24,30) (S 45,30,31) (S 48,31,25) (S 89,25,26) (S 21,26,26) (S 25,32,32) (S 57,27,33) (S 26,33,33) (S 69,33,37) (S 14,18,18) (S 18,22,22) (S 80,21,20) (S 90,20,19) (S 13,17,17) (S 83,17,11) (S 75,1,2) (D 0,1,1)
0 1 5 130 311 19  (D 0,1,1) (S 62,9,10) (S 64,23,29) (S 22,29,29) (S 70,34,29) (S 78,34,38) (S 30,38,38) (S 53,34,35) (S 37,35,39) (S 44,39,38) (S 43,38,39) (S 56,39,40) (S 39,37,41) (S 40,41,37) (S 92,37,36) (S 79,36,40) (S 32,40,40) (S 29,37,37) (D 0,1,1)
0 1 6 129 241 20  (D 0,1,1) (S 7,11,11) (S 12,16,16) (S 86,19,20) (S 16,20,20) (S 72,17,20) (S 58,20,21) (S 17,21,21) (S 49,21,27) (S 50,27,21) (S 35,27,28) (S 36,28,27) (S 91,32,26) (S 54,26,25) (S 73,25,24) (S 47,25,31) (S 24,31,31) (S 23,30,30) (S 1,2,2) (D 0,1,1)
