1035
6
53882500
67513200
0 1 1 54 100 10  (D 0,1,1) (S 29,3,2) (S 67,9,4) (S 74,4,3) (S 65,9,8) (S 55,8,2) (S 70,2,8) (S 4,8,8) (S 1,2,2) (D 0,1,1)
0 1 2 93 185 14  (D 0,1,1) (S 5,9,9) (S 7,12,12) (S 42,11,17) (S 43,17,11) (S 57,11,10) (S 72,16,15) (S 9,14,14) (S 77,14,15) (S 10,15,15) (S 48,1,7) (S 49,7,1) (S 62,1,31) (D 0,1,1)
0 1 3 98 152 14  (D 0,1,1) (S 28,2,3) (S 56,3,4) (S 8,13,13) (S 23,13,4) (S 75,13,12) (S 35,12,11) (S 52,11,6) (S 79,5,31) (S 33,31,6) (S 30,6,7) (S 3,6,6) (S 2,3,3) (D 0,1,1)
0 1 4 119 194 15  (D 0,1,1) (S 22,4,13) (S 36,19,22) (S 27,22,20) (S 26,20,22) (S 37,22,19) (S 44,21,22) (S 45,22,21) (S 53,21,19) (S 14,19,19) (S 71,19,21) (S 13,18,18) (S 60,18,21) (S 15,21,21) (D 0,1,1)
0 1 5 115 192 17  (D 0,1,1) (S 24,5,10) (S 25,10,5) (S 47,16,10) (S 46,10,16) (S 12,17,17) (S 11,16,16) (S 6,10,10) (S 34,11,12) (S 69,12,8) (S 63,8,7) (S 31,7,6) (S 32,6,31) (S 21,31,28) (S 20,28,31) (S 19,31,31) (D 0,1,1)
0 1 6 119 212 21  (D 0,1,1) (S 38,1,30) (S 39,30,1) (S 58,28,26) (S 59,27,24) (S 51,24,27) (S 73,29,27) (S 68,27,29) (S 64,29,28) (S 76,26,23) (S 16,23,23) (S 50,23,26) (S 54,27,26) (S 17,26,26) (S 18,29,29) (S 78,29,31) (S 41,25,23) (S 40,23,25) (S 66,25,28) (S 61,28,25) (D 0,1,1)
