767
8
11849900
13985600
0 1 1 45 116 7  (D 0,1,1) (S 3,6,6) (S 46,6,7) (S 27,6,11) (S 53,11,1) (S 42,16,17) (D 0,1,1)
0 1 2 34 61 6  (D 0,1,1) (S 16,5,2) (S 32,10,3) (S 19,3,4) (S 38,4,5) (D 0,1,1)
0 1 3 42 99 6  (D 0,1,1) (S 28,11,6) (S 55,6,5) (S 52,19,9) (S 51,9,19) (D 0,1,1)
0 1 4 42 97 8  (D 0,1,1) (S 1,2,2) (S 47,20,21) (S 34,23,22) (S 33,22,23) (S 29,23,24) (S 50,20,15) (D 0,1,1)
0 1 5 43 81 7  (D 0,1,1) (S 10,19,19) (S 11,20,20) (S 43,1,9) (S 18,9,3) (S 17,3,9) (D 0,1,1)
0 1 6 45 146 8  (D 0,1,1) (S 12,21,21) (S 57,21,15) (S 48,15,21) (S 36,24,21) (S 30,24,23) (S 56,18,17) (D 0,1,1)
0 1 7 39 68 7  (D 0,1,1) (S 23,5,11) (S 6,11,11) (S 20,4,3) (S 31,3,10) (S 5,10,10) (D 0,1,1)
0 1 8 44 99 8  (D 0,1,1) (S 4,7,7) (S 22,13,7) (S 21,7,13) (S 40,12,11) (S 24,11,5) (S 41,5,4) (D 0,1,1)
