279
6
37490000
47141600
0 1 1 20 48 6  (D 0,1,1) (S 3,5,5) (S 35,5,10) (S 11,13,17) (S 6,12,12) (D 0,1,1)
0 1 2 16 22 6  (D 0,1,1) (S 18,2,1) (S 2,3,3) (S 17,1,2) (S 1,2,2) (D 0,1,1)
0 1 3 20 53 7  (D 0,1,1) (S 47,7,8) (S 33,8,14) (S 15,14,18) (S 45,18,17) (S 44,16,15) (D 0,1,1)
0 1 4 20 48 9  (D 0,1,1) (S 28,10,9) (S 19,9,19) (S 20,19,9) (S 27,9,10) (S 36,10,5) (S 5,10,10) (S 52,19,20) (D 0,1,1)
0 1 5 20 63 10  (D 0,1,1) (S 31,10,11) (S 38,11,12) (S 14,15,11) (S 32,11,10) (S 40,9,3) (S 54,4,2) (S 7,13,13) (S 4,6,6) (D 0,1,1)
0 1 6 20 45 9  (D 0,1,1) (S 13,11,15) (S 25,15,21) (S 26,21,15) (S 51,15,16) (S 8,16,16) (S 49,16,12) (S 41,12,6) (D 0,1,1)
