21134
7
363067300
558731500
0 1 1 1756 3428 11  (D 0,1,1) (S 81,14,24) (S 95,24,25) (S 97,27,38) (S 93,23,13) (S 1,2,2) (S 3,7,7) (S 189,102,115) (S 101,31,21) (S 198,107,106) (D 0,1,1)
0 1 2 1751 2968 9  (D 0,1,1) (S 71,1,2) (S 113,45,36) (S 8,26,26) (S 14,37,37) (S 9,27,27) (S 99,28,29) (S 185,99,86) (D 0,1,1)
0 1 3 1745 3157 12  (D 0,1,1) (S 75,7,8) (S 77,10,11) (S 78,11,12) (S 105,34,42) (S 21,53,53) (S 130,53,52) (S 110,40,32) (S 5,20,20) (S 147,63,62) (S 203,113,126) (D 0,1,1)
0 1 4 1748 3207 12  (D 0,1,1) (S 92,22,21) (S 128,52,41) (S 127,51,61) (S 31,71,71) (S 67,96,109) (S 59,121,121) (S 209,121,108) (S 50,110,110) (S 158,73,61) (S 197,107,94) (D 0,1,1)
0 1 5 1744 2886 12  (D 0,1,1) (S 23,57,57) (S 133,54,55) (S 132,54,43) (S 139,58,57) (S 22,54,54) (S 150,65,66) (S 151,66,67) (S 193,104,117) (S 56,118,118) (S 194,105,92) (D 0,1,1)
0 1 6 1725 2709 11  (D 0,1,1) (S 72,2,14) (S 112,43,44) (S 137,57,46) (S 116,46,57) (S 175,90,91) (S 205,116,103) (S 45,103,103) (S 68,103,104) (S 206,117,116) (D 0,1,1)
0 1 7 1755 2779 12  (D 0,1,1) (S 136,56,66) (S 44,102,102) (S 188,102,101) (S 173,88,101) (S 53,114,114) (S 27,65,65) (S 135,55,56) (S 148,64,65) (S 149,65,55) (S 134,55,44) (D 0,1,1)
