761
7
7672800
13260200
0 1 1 26 0 3  (D 0,1,1) (S 1,2,2) (D 0,1,1)
0 1 2 50 116 8  (D 0,1,1) (S 41,30,29) (S 20,29,29) (S 18,27,27) (S 17,26,26) (S 19,28,28) (S 16,24,24) (D 0,1,1)
0 1 3 50 114 8  (D 0,1,1) (S 21,30,30) (S 45,5,10) (S 24,10,11) (S 46,11,6) (S 4,6,6) (S 38,5,6) (D 0,1,1)
0 1 4 50 148 10  (D 0,1,1) (S 27,1,31) (S 11,16,16) (S 10,15,15) (S 12,17,17) (S 52,15,14) (S 9,14,14) (S 39,7,6) (S 3,4,4) (D 0,1,1)
0 1 5 50 150 8  (D 0,1,1) (S 28,19,21) (S 29,20,22) (S 33,21,22) (S 51,21,18) (S 40,18,19) (S 55,19,22) (D 0,1,1)
0 1 6 50 131 8  (D 0,1,1) (S 30,8,12) (S 47,12,11) (S 34,11,12) (S 8,13,13) (S 42,12,18) (S 13,18,18) (D 0,1,1)
0 1 7 50 102 9  (D 0,1,1) (S 26,3,9) (S 6,9,9) (S 2,3,3) (S 43,3,2) (S 7,10,10) (S 48,10,5) (S 54,5,31) (D 0,1,1)
