404
7
6407600
7497100
0 1 1 19 0 3  (D 0,1,1) (S 1,2,2) (D 0,1,1)
0 1 2 18 57 6  (D 0,1,1) (S 2,3,3) (S 16,3,10) (S 19,4,7) (S 20,7,8) (D 0,1,1)
0 1 3 19 52 5  (D 0,1,1) (S 22,2,4) (S 26,4,8) (S 13,8,10) (D 0,1,1)
0 1 4 26 72 8  (D 0,1,1) (S 27,1,11) (S 28,7,9) (S 3,6,6) (S 12,6,9) (S 6,9,9) (S 15,6,11) (D 0,1,1)
0 1 5 24 66 6  (D 0,1,1) (S 11,4,9) (S 14,9,10) (S 7,1,10) (S 5,8,8) (D 0,1,1)
0 1 6 22 73 7  (D 0,1,1) (S 10,3,11) (S 9,1,5) (S 8,5,7) (S 21,1,2) (S 23,2,6) (D 0,1,1)
0 1 7 26 84 7  (D 0,1,1) (S 24,1,6) (S 17,6,10) (S 4,7,7) (S 25,1,3) (S 18,2,9) (D 0,1,1)
