903
6
167214100
221049200
0 1 1 64 163 9  (D 0,1,1) (S 6,9,9) (S 65,9,2) (S 47,2,9) (S 28,10,19) (S 27,3,10) (S 29,5,8) (S 36,8,13) (D 0,1,1)
0 1 2 63 131 9  (D 0,1,1) (S 2,4,4) (S 58,6,11) (S 56,11,12) (S 8,12,12) (S 3,5,5) (S 22,1,2) (S 50,3,2) (D 0,1,1)
0 1 3 65 173 9  (D 0,1,1) (S 20,30,30) (S 38,30,29) (S 26,24,27) (S 23,24,28) (S 13,20,20) (S 24,27,28) (S 18,28,28) (D 0,1,1)
0 1 4 63 150 10  (D 0,1,1) (S 15,23,23) (S 53,22,29) (S 33,22,25) (S 21,26,30) (S 63,30,25) (S 17,26,26) (S 57,26,18) (S 54,18,15) (D 0,1,1)
0 1 5 64 139 10  (D 0,1,1) (S 34,17,22) (S 48,22,21) (S 14,21,21) (S 61,21,29) (S 19,29,29) (S 37,29,22) (S 49,25,29) (S 16,25,25) (D 0,1,1)
0 1 6 57 147 11  (D 0,1,1) (S 4,7,7) (S 25,7,8) (S 46,13,8) (S 44,8,14) (S 35,14,15) (S 31,17,18) (S 12,18,18) (S 55,9,10) (S 1,2,2) (D 0,1,1)
