1486
6
393741700
493104000
0 1 1 70 105 14  (D 0,1,1) (S 78,3,6) (S 79,6,3) (S 132,5,6) (S 4,6,6) (S 66,6,11) (S 82,11,12) (S 8,12,12) (S 31,12,7) (S 100,7,4) (S 63,4,3) (S 62,3,4) (S 2,4,4) (D 0,1,1)
0 1 2 167 246 23  (D 0,1,1) (S 7,10,10) (S 70,10,17) (S 32,31,32) (S 33,32,31) (S 51,40,32) (S 50,32,40) (S 20,31,31) (S 69,32,19) (S 68,19,32) (S 58,40,47) (S 59,47,40) (S 109,40,39) (S 26,39,39) (S 97,39,30) (S 116,30,17) (S 96,17,18) (S 67,11,6) (S 124,6,5) (S 85,5,2) (S 126,2,3) (S 1,3,3) (D 0,1,1)
0 1 3 141 249 24  (D 0,1,1) (S 84,2,5) (S 14,23,23) (S 15,24,24) (S 45,24,17) (S 95,30,38) (S 25,38,38) (S 52,38,46) (S 86,50,49) (S 89,49,50) (S 107,50,45) (S 54,45,46) (S 55,46,45) (S 28,45,45) (S 117,45,48) (S 29,48,48) (S 115,49,45) (S 103,45,50) (S 73,50,46) (S 72,46,50) (S 53,46,38) (S 134,38,37) (S 24,37,37) (D 0,1,1)
0 1 4 167 317 28  (D 0,1,1) (S 3,5,5) (S 90,5,1) (S 46,15,24) (S 47,24,15) (S 81,29,23) (S 80,23,29) (S 99,29,30) (S 87,29,37) (S 10,15,15) (S 75,15,14) (S 74,14,15) (S 91,24,30) (S 88,30,29) (S 120,29,24) (S 111,24,23) (S 61,23,14) (S 60,14,23) (S 19,28,28) (S 127,36,44) (S 77,44,43) (S 76,43,44) (S 40,43,48) (S 41,48,43) (S 129,43,35) (S 101,35,34) (S 22,34,34) (D 0,1,1)
0 1 5 139 264 28  (D 0,1,1) (S 6,9,9) (S 94,22,21) (S 9,13,13) (S 110,13,21) (S 13,21,21) (S 98,21,13) (S 108,13,9) (S 125,20,21) (S 119,21,20) (S 112,20,25) (S 57,22,14) (S 113,22,28) (S 121,36,38) (S 23,35,35) (S 34,34,42) (S 35,42,34) (S 39,42,41) (S 122,41,33) (S 49,33,25) (S 48,25,33) (S 21,33,33) (S 38,41,42) (S 27,42,42) (S 17,26,26) (S 93,26,25) (S 16,25,25) (D 0,1,1)
0 1 6 170 305 29  (D 0,1,1) (S 30,7,12) (S 83,12,11) (S 92,18,11) (S 128,11,18) (S 12,18,18) (S 11,17,17) (S 71,17,10) (S 43,17,16) (S 42,16,17) (S 44,17,24) (S 133,29,28) (S 131,28,27) (S 65,27,26) (S 64,26,27) (S 18,27,27) (S 36,15,16) (S 118,16,1) (S 114,1,16) (S 37,16,15) (S 130,15,1) (S 56,14,22) (S 106,21,22) (S 105,22,23) (S 102,23,22) (S 104,22,13) (S 123,13,8) (S 5,8,8) (D 0,1,1)
