1592
7
41071000
47914600
0 1 1 94 207 14  (D 0,1,1) (S 9,12,12) (S 28,6,18) (S 64,18,29) (S 19,29,29) (S 100,30,31) (S 91,31,26) (S 57,27,28) (S 90,28,23) (S 68,22,21) (S 77,21,22) (S 30,22,23) (S 14,23,23) (D 0,1,1)
0 1 2 100 192 15  (D 0,1,1) (S 10,13,13) (S 22,12,18) (S 29,18,6) (S 98,6,12) (S 89,12,13) (S 16,25,25) (S 51,25,30) (S 56,30,25) (S 53,25,26) (S 17,26,26) (S 79,20,14) (S 74,14,20) (S 6,8,8) (D 0,1,1)
0 1 3 122 223 16  (D 0,1,1) (S 2,3,3) (S 32,3,10) (S 33,10,3) (S 40,10,11) (S 69,11,24) (S 42,24,34) (S 93,33,32) (S 54,32,27) (S 37,27,21) (S 96,21,15) (S 85,15,21) (S 11,15,15) (S 72,8,2) (S 67,2,3) (D 0,1,1)
0 1 4 91 205 16  (D 0,1,1) (S 3,4,4) (S 50,4,11) (S 41,11,10) (S 102,16,10) (S 35,10,9) (S 34,9,10) (S 71,10,16) (S 27,10,4) (S 26,4,10) (S 47,17,11) (S 97,11,4) (S 104,4,3) (S 8,11,11) (S 4,5,5) (D 0,1,1)
0 1 5 97 246 17  (D 0,1,1) (S 38,8,9) (S 62,9,3) (S 61,16,23) (S 105,22,15) (S 92,15,9) (S 39,9,8) (S 75,14,15) (S 5,6,6) (S 66,6,1) (S 49,1,7) (S 99,7,6) (S 88,1,2) (S 95,13,2) (S 83,3,9) (S 7,9,9) (D 0,1,1)
0 1 6 100 236 20  (D 0,1,1) (S 12,16,16) (S 65,16,15) (S 58,15,14) (S 45,14,13) (S 46,13,19) (S 78,19,18) (S 55,18,19) (S 103,19,20) (S 81,20,19) (S 70,19,13) (S 82,12,6) (S 84,6,7) (S 59,7,13) (S 44,13,14) (S 73,15,16) (S 86,17,24) (S 15,24,24) (S 31,23,22) (D 0,1,1)
0 1 7 126 283 21  (D 0,1,1) (S 1,2,2) (S 52,2,13) (S 23,18,12) (S 94,19,25) (S 20,31,31) (S 76,31,32) (S 48,27,32) (S 13,20,20) (S 36,21,27) (S 24,28,34) (S 43,34,24) (S 87,24,23) (S 101,23,28) (S 18,28,28) (S 60,28,22) (S 80,22,28) (S 25,34,28) (S 63,33,34) (S 21,34,34) (D 0,1,1)
