1678
7
120752900
136872900
0 1 1 102 216 19  (D 0,1,1) (S 35,20,21) (S 87,21,22) (S 74,22,14) (S 150,15,16) (S 61,16,17) (S 62,17,16) (S 101,17,25) (S 148,25,24) (S 98,24,16) (S 97,16,9) (S 38,9,3) (S 130,3,4) (S 99,4,10) (S 6,10,10) (S 128,10,4) (S 37,3,9) (S 5,9,9) (D 0,1,1)
0 1 2 112 215 20  (D 0,1,1) (S 36,21,20) (S 91,21,27) (S 44,30,20) (S 109,20,12) (S 60,12,6) (S 78,6,1) (S 77,1,6) (S 59,6,12) (S 67,11,19) (S 68,19,11) (S 96,5,11) (S 116,11,5) (S 111,5,6) (S 146,1,2) (S 149,14,13) (S 115,13,7) (S 105,7,2) (S 131,2,7) (D 0,1,1)
0 1 3 133 224 22  (D 0,1,1) (S 1,2,2) (S 47,2,3) (S 48,3,2) (S 147,7,8) (S 73,14,22) (S 12,22,22) (S 83,21,13) (S 136,13,14) (S 14,24,24) (S 65,24,32) (S 66,32,24) (S 127,24,23) (S 70,23,15) (S 112,15,9) (S 31,9,10) (S 32,10,9) (S 100,9,16) (S 85,16,15) (S 108,15,14) (S 114,14,15) (D 0,1,1)
0 1 4 142 264 23  (D 0,1,1) (S 4,8,8) (S 140,8,7) (S 69,15,23) (S 13,23,23) (S 24,37,37) (S 19,31,31) (S 84,31,32) (S 20,32,32) (S 25,43,43) (S 39,43,50) (S 40,50,43) (S 143,43,42) (S 133,49,50) (S 94,50,45) (S 72,45,38) (S 145,38,43) (S 86,43,37) (S 107,38,28) (S 56,28,25) (S 55,25,28) (S 17,28,28) (D 0,1,1)
0 1 5 105 198 24  (D 0,1,1) (S 2,6,6) (S 52,12,11) (S 89,5,1) (S 102,1,5) (S 124,5,18) (S 121,18,19) (S 82,30,34) (S 11,19,19) (S 45,26,34) (S 122,40,34) (S 33,34,35) (S 22,35,35) (S 34,35,34) (S 46,34,26) (S 142,26,19) (S 18,29,29) (S 54,29,26) (S 53,26,29) (S 15,26,26) (S 51,11,12) (S 126,12,20) (S 7,12,12) (D 0,1,1)
0 1 6 144 288 28  (D 0,1,1) (S 3,7,7) (S 43,20,30) (S 141,41,42) (S 76,42,36) (S 132,42,41) (S 138,41,35) (S 106,35,27) (S 16,27,27) (S 95,27,35) (S 75,36,42) (S 119,42,44) (S 29,49,49) (S 104,49,44) (S 90,44,49) (S 26,44,44) (S 23,36,36) (S 117,36,37) (S 71,38,45) (S 125,45,50) (S 30,50,50) (S 135,43,38) (S 137,38,32) (S 120,28,38) (S 134,38,37) (S 113,37,31) (S 9,16,16) (D 0,1,1)
0 1 7 150 273 28  (D 0,1,1) (S 8,13,13) (S 118,13,12) (S 88,20,19) (S 21,34,34) (S 41,33,39) (S 42,39,33) (S 92,33,40) (S 57,40,41) (S 49,41,48) (S 28,48,48) (S 144,48,47) (S 103,47,40) (S 27,46,46) (S 139,47,48) (S 50,48,41) (S 58,41,40) (S 110,40,33) (S 64,33,29) (S 129,29,18) (S 10,18,18) (S 123,18,29) (S 63,29,33) (S 79,33,46) (S 80,46,33) (S 93,33,34) (S 81,40,47) (D 0,1,1)
