22925
9
229642000
281728500
0 1 1 1663 2313 8  (D 0,1,1) (S 23,28,28) (S 150,49,38) (S 132,38,37) (S 124,35,24) (S 106,24,13) (S 105,23,24) (D 0,1,1)
0 1 2 1716 2708 9  (D 0,1,1) (S 55,69,69) (S 59,73,73) (S 182,74,63) (S 35,42,42) (S 139,41,40) (S 33,40,40) (S 174,65,54) (D 0,1,1)
0 1 3 1719 2602 11  (D 0,1,1) (S 7,10,10) (S 87,10,11) (S 18,22,22) (S 17,21,21) (S 103,21,32) (S 161,55,66) (S 52,66,66) (S 177,66,65) (S 119,32,33) (D 0,1,1)
0 1 4 1668 2195 9  (D 0,1,1) (S 10,14,14) (S 90,14,25) (S 129,36,47) (S 45,57,57) (S 163,57,68) (S 54,68,68) (S 56,70,70) (D 0,1,1)
0 1 5 1711 2615 10  (D 0,1,1) (S 14,18,18) (S 133,39,28) (S 135,39,49) (S 152,49,60) (S 48,61,61) (S 170,62,51) (S 6,7,7) (S 116,30,31) (D 0,1,1)
0 1 6 1692 2546 9  (D 0,1,1) (S 58,72,72) (S 57,71,71) (S 166,60,61) (S 171,62,63) (S 158,53,54) (S 80,6,17) (S 94,16,15) (D 0,1,1)
0 1 7 1718 2509 9  (D 0,1,1) (S 108,25,36) (S 145,47,46) (S 149,48,59) (S 60,74,74) (S 75,74,73) (S 74,73,74) (S 50,64,64) (D 0,1,1)
0 1 8 1711 2812 11  (D 0,1,1) (S 99,19,18) (S 96,18,17) (S 93,16,5) (S 98,19,9) (S 102,21,20) (S 16,20,20) (S 159,54,55) (S 43,55,55) (S 101,19,31) (D 0,1,1)
0 1 9 1717 2625 10  (D 0,1,1) (S 112,27,38) (S 32,38,38) (S 113,28,17) (S 95,17,6) (S 118,31,32) (S 160,55,44) (S 86,10,9) (S 85,9,20) (D 0,1,1)
