676
6
66129200
104875700
0 1 1 49 124 7  (D 0,1,1) (S 3,4,4) (S 50,4,9) (S 14,19,19) (S 41,19,22) (S 15,20,20) (D 0,1,1)
0 1 2 50 100 7  (D 0,1,1) (S 26,23,25) (S 17,23,23) (S 46,25,28) (S 19,28,28) (S 22,31,31) (D 0,1,1)
0 1 3 50 118 8  (D 0,1,1) (S 10,13,13) (S 49,12,18) (S 9,12,12) (S 23,8,12) (S 55,12,11) (S 8,11,11) (D 0,1,1)
0 1 4 50 118 9  (D 0,1,1) (S 27,3,9) (S 24,9,13) (S 35,19,18) (S 13,18,18) (S 48,18,19) (S 30,21,22) (S 16,21,21) (D 0,1,1)
0 1 5 50 99 11  (D 0,1,1) (S 56,5,6) (S 5,6,6) (S 7,10,10) (S 44,10,14) (S 25,10,11) (S 51,11,6) (S 31,6,31) (S 57,5,31) (S 45,31,5) (D 0,1,1)
0 1 6 49 117 11  (D 0,1,1) (S 4,5,5) (S 39,14,15) (S 42,15,14) (S 52,14,10) (S 36,10,16) (S 12,17,17) (S 34,15,16) (S 58,17,16) (S 11,16,16) (D 0,1,1)
