840
7
3204700
3766500
0 1 1 31 0 3  (D 0,1,1) (S 1,2,2) (D 0,1,1)
0 1 2 27 74 5  (D 0,1,1) (S 3,4,4) (S 23,4,2) (S 2,3,3) (D 0,1,1)
0 1 3 36 123 5  (D 0,1,1) (S 9,4,3) (S 16,3,1) (S 21,1,7) (D 0,1,1)
0 1 4 39 115 5  (D 0,1,1) (S 10,2,8) (S 17,1,5) (S 4,5,5) (D 0,1,1)
0 1 5 36 107 6  (D 0,1,1) (S 8,6,9) (S 7,9,9) (S 5,6,6) (S 13,3,6) (D 0,1,1)
0 1 6 36 257 6  (D 0,1,1) (S 20,5,7) (S 11,7,8) (S 18,8,10) (S 15,7,10) (D 0,1,1)
0 1 7 40 164 7  (D 0,1,1) (S 12,4,1) (S 22,1,8) (S 19,8,9) (S 14,9,10) (S 6,7,7) (D 0,1,1)
