653
6
18373500
21527500
0 1 1 50 108 8  (D 0,1,1) (S 6,7,7) (S 52,7,8) (S 29,8,12) (S 49,12,11) (S 45,10,14) (S 39,14,10) (D 0,1,1)
0 1 2 49 101 8  (D 0,1,1) (S 21,23,24) (S 25,23,25) (S 14,25,25) (S 37,23,26) (S 15,26,26) (S 32,29,31) (D 0,1,1)
0 1 3 50 99 10  (D 0,1,1) (S 1,2,2) (S 28,28,31) (S 59,29,28) (S 41,28,26) (S 24,24,27) (S 16,27,27) (S 57,31,5) (S 3,4,4) (D 0,1,1)
0 1 4 49 102 9  (D 0,1,1) (S 43,5,6) (S 5,6,6) (S 30,10,11) (S 42,11,6) (S 31,6,31) (S 64,29,30) (S 17,30,30) (D 0,1,1)
0 1 5 50 137 9  (D 0,1,1) (S 44,9,4) (S 22,20,22) (S 19,21,22) (S 53,21,18) (S 51,18,12) (S 56,12,18) (S 12,18,18) (D 0,1,1)
0 1 6 44 106 10  (D 0,1,1) (S 27,1,31) (S 34,5,10) (S 48,10,5) (S 58,10,16) (S 55,17,16) (S 62,17,11) (S 46,11,12) (S 8,12,12) (D 0,1,1)
