6488
7
114726200
852164500
0 1 1 150 934 9  (D 0,1,1) (S 1,36,36) (S 59,36,38) (S 61,39,40) (S 60,38,39) (S 4,38,38) (S 58,36,37) (S 99,107,108) (D 0,1,1)
0 1 2 148 957 10  (D 0,1,1) (S 13,80,80) (S 87,80,82) (S 25,92,92) (S 88,82,84) (S 26,84,84) (S 9,82,82) (S 91,86,87) (S 94,97,98) (D 0,1,1)
0 1 3 150 1297 10  (D 0,1,1) (S 45,11,12) (S 46,12,13) (S 14,13,13) (S 47,13,14) (S 31,16,16) (S 34,15,15) (S 106,113,114) (S 71,55,56) (D 0,1,1)
0 1 4 147 778 8  (D 0,1,1) (S 48,20,22) (S 7,20,20) (S 49,20,24) (S 50,24,25) (S 51,25,27) (S 21,25,25) (D 0,1,1)
0 1 5 149 948 9  (D 0,1,1) (S 62,37,43) (S 63,43,44) (S 64,44,45) (S 11,61,61) (S 6,49,49) (S 16,42,42) (S 112,124,126) (D 0,1,1)
0 1 6 149 699 11  (D 0,1,1) (S 83,46,77) (S 84,77,78) (S 37,78,78) (S 85,78,79) (S 86,79,80) (S 35,76,76) (S 18,46,46) (S 65,34,45) (S 78,67,69) (D 0,1,1)
0 1 7 145 875 10  (D 0,1,1) (S 95,102,104) (S 97,105,106) (S 98,106,107) (S 101,107,110) (S 103,110,112) (S 102,110,111) (S 12,113,113) (S 8,103,103) (D 0,1,1)
