760
8
24865400
36334500
0 1 1 6 0 3  (D 0,1,1) (S 1,3,3) (D 0,1,1)
0 1 2 40 82 6  (D 0,1,1) (S 9,19,19) (S 28,19,9) (S 45,9,3) (S 43,1,3) (D 0,1,1)
0 1 3 37 111 7  (D 0,1,1) (S 13,20,21) (S 32,21,24) (S 12,24,24) (S 34,23,22) (S 11,22,22) (D 0,1,1)
0 1 4 40 106 7  (D 0,1,1) (S 16,16,17) (S 7,17,17) (S 5,12,12) (S 47,12,11) (S 6,15,15) (D 0,1,1)
0 1 5 38 136 9  (D 0,1,1) (S 17,4,5) (S 25,16,12) (S 14,12,13) (S 23,13,17) (S 37,16,15) (S 33,15,16) (S 8,18,18) (D 0,1,1)
0 1 6 40 118 8  (D 0,1,1) (S 19,5,10) (S 46,23,20) (S 35,20,10) (S 41,10,11) (S 48,11,5) (S 26,5,11) (D 0,1,1)
0 1 7 37 89 8  (D 0,1,1) (S 29,3,1) (S 21,1,2) (S 18,2,4) (S 24,3,9) (S 15,9,10) (S 10,20,20) (D 0,1,1)
0 1 8 36 118 8  (D 0,1,1) (S 42,9,19) (S 40,10,20) (S 27,23,24) (S 44,24,21) (S 36,21,15) (S 4,11,11) (D 0,1,1)
