330
8
9837700
15445900
0 1 1 9 18 5  (D 0,1,1) (S 2,4,4) (S 38,4,2) (S 37,2,4) (D 0,1,1)
0 1 2 18 44 5  (D 0,1,1) (S 14,6,7) (S 5,8,8) (S 4,7,7) (D 0,1,1)
0 1 3 20 41 7  (D 0,1,1) (S 13,22,22) (S 24,22,19) (S 29,19,20) (S 7,10,10) (S 1,3,3) (D 0,1,1)
0 1 4 18 53 7  (D 0,1,1) (S 16,13,17) (S 35,13,14) (S 20,14,18) (S 12,18,18) (S 28,13,12) (D 0,1,1)
0 1 5 19 39 8  (D 0,1,1) (S 17,3,4) (S 3,5,5) (S 36,5,6) (S 9,12,12) (S 34,12,6) (S 27,6,12) (D 0,1,1)
0 1 6 17 41 6  (D 0,1,1) (S 19,1,2) (S 8,11,11) (S 10,15,15) (S 21,21,24) (D 0,1,1)
0 1 7 17 48 7  (D 0,1,1) (S 22,5,10) (S 23,10,11) (S 11,16,16) (S 15,16,17) (S 26,17,18) (D 0,1,1)
0 1 8 19 46 9  (D 0,1,1) (S 18,9,10) (S 31,23,24) (S 33,21,20) (S 30,20,23) (S 32,23,20) (S 6,9,9) (S 25,9,3) (D 0,1,1)
