1612
7
535272700
621569100
0 1 1 69 141 12  (D 0,1,1) (S 6,7,7) (S 115,7,8) (S 7,8,8) (S 99,8,9) (S 2,3,3) (S 46,10,9) (S 45,9,10) (S 9,10,10) (S 103,10,4) (S 3,4,4) (D 0,1,1)
0 1 2 103 167 18  (D 0,1,1) (S 1,2,2) (S 121,2,1) (S 104,1,5) (S 92,5,1) (S 69,1,6) (S 70,6,1) (S 10,11,11) (S 35,11,19) (S 75,26,30) (S 4,5,5) (S 130,5,11) (S 125,19,26) (S 19,26,26) (S 114,26,19) (S 57,11,12) (S 128,12,20) (D 0,1,1)
0 1 3 118 232 22  (D 0,1,1) (S 100,13,14) (S 96,15,9) (S 79,16,17) (S 80,17,16) (S 144,17,25) (S 18,25,25) (S 65,28,32) (S 22,32,32) (S 66,32,28) (S 77,14,22) (S 49,22,23) (S 44,31,23) (S 116,23,24) (S 102,24,25) (S 97,24,16) (S 135,16,9) (S 8,9,9) (S 113,8,7) (S 126,7,2) (S 142,2,7) (D 0,1,1)
0 1 4 124 244 24  (D 0,1,1) (S 98,13,6) (S 5,6,6) (S 14,20,20) (S 37,20,30) (S 138,40,47) (S 32,47,47) (S 28,40,40) (S 86,34,33) (S 23,33,33) (S 140,46,47) (S 89,47,40) (S 41,40,41) (S 29,41,41) (S 54,35,34) (S 93,35,27) (S 90,30,34) (S 53,34,35) (S 71,35,36) (S 85,36,27) (S 73,27,31) (S 134,31,32) (S 12,15,15) (D 0,1,1)
0 1 5 150 277 26  (D 0,1,1) (S 58,12,11) (S 47,29,33) (S 61,33,39) (S 68,39,29) (S 67,29,39) (S 62,39,33) (S 106,33,40) (S 48,33,29) (S 141,29,18) (S 13,18,18) (S 139,18,26) (S 122,34,30) (S 76,30,26) (S 38,30,20) (S 127,20,19) (S 36,19,11) (S 88,5,18) (S 112,18,19) (S 133,19,20) (S 55,20,21) (S 87,21,22) (S 78,22,14) (S 145,14,13) (S 111,13,12) (D 0,1,1)
0 1 6 148 258 28  (D 0,1,1) (S 91,14,15) (S 39,15,23) (S 43,23,31) (S 84,31,37) (S 21,31,31) (S 74,31,27) (S 20,27,27) (S 31,44,44) (S 34,49,49) (S 110,49,44) (S 101,44,42) (S 109,42,44) (S 26,37,37) (S 40,23,15) (S 119,16,15) (S 124,15,16) (S 95,16,24) (S 17,24,24) (S 137,24,23) (S 50,23,22) (S 16,22,22) (S 15,21,21) (S 56,21,20) (S 123,21,13) (S 129,12,13) (S 11,13,13) (D 0,1,1)
0 1 7 149 293 29  (D 0,1,1) (S 25,36,36) (S 72,36,35) (S 117,36,37) (S 30,43,43) (S 107,43,37) (S 131,37,38) (S 27,38,38) (S 132,38,43) (S 63,43,45) (S 64,45,43) (S 105,43,38) (S 82,38,28) (S 118,28,38) (S 51,43,50) (S 83,50,45) (S 81,45,50) (S 52,50,43) (S 120,50,44) (S 108,49,41) (S 136,41,42) (S 143,42,41) (S 59,41,48) (S 33,48,48) (S 60,48,41) (S 42,41,40) (S 94,40,34) (S 24,34,34) (D 0,1,1)
