20289
8
206086300
366595400
0 1 1 1458 2744 8  (D 0,1,1) (S 26,12,13) (S 89,12,11) (S 25,11,19) (S 36,19,31) (S 67,37,38) (S 30,15,16) (D 0,1,1)
0 1 2 1467 2725 8  (D 0,1,1) (S 31,16,28) (S 49,27,28) (S 50,27,40) (S 75,40,52) (S 24,11,18) (S 91,21,22) (D 0,1,1)
0 1 3 1468 2310 6  (D 0,1,1) (S 48,26,39) (S 94,40,26) (S 72,39,40) (S 8,39,39) (D 0,1,1)
0 1 4 1469 2772 8  (D 0,1,1) (S 56,31,44) (S 79,43,44) (S 32,17,18) (S 2,17,17) (S 98,50,49) (S 47,26,27) (D 0,1,1)
0 1 5 1454 2640 7  (D 0,1,1) (S 58,32,44) (S 78,42,43) (S 54,30,31) (S 35,19,20) (S 20,7,25) (D 0,1,1)
0 1 6 1432 2222 7  (D 0,1,1) (S 19,6,7) (S 92,25,24) (S 44,24,37) (S 68,37,49) (S 10,50,50) (D 0,1,1)
0 1 7 1430 2358 7  (D 0,1,1) (S 42,23,24) (S 45,24,38) (S 83,50,51) (S 3,25,25) (S 71,38,51) (D 0,1,1)
0 1 8 1474 2518 8  (D 0,1,1) (S 37,20,32) (S 80,44,45) (S 39,21,34) (S 7,35,35) (S 61,34,35) (S 63,35,36) (D 0,1,1)
